1 0203 20191102 091020
1 0203 20191102 181846
1 0203 20191102 181847
1 0203 20191103 090226
1 0203 20191104 085905
1 0203 20191104 085906
1 0203 20191104 231751
1 0203 20191105 090453
1 0203 20191105 090454
1 0203 20191105 183512
1 0203 20191105 183513
1 0203 20191106 085736
1 0203 20191106 085738
1 0203 20191107 085902
1 0203 20191107 085916
1 0203 20191107 085918
1 0203 20191109 085937
1 0203 20191109 085946
1 0203 20191113 090026
1 0203 20191113 090028
1 0203 20191114 091029
1 0203 20191114 091030
1 0203 20191116 085845
1 0203 20191116 085846
1 0203 20191116 192151
1 0203 20191116 192152
1 0203 20191117 085214
1 0203 20191117 085215
1 0203 20191118 090025
1 0203 20191118 090042
1 0203 20191118 185435
1 0203 20191119 085926
1 0203 20191119 085927
1 0203 20191120 090023
1 0203 20191120 090024
1 0203 20191120 195241
1 0203 20191121 085921
1 0203 20191121 085931
1 0203 20191121 085932
1 0203 20191121 202247
1 0203 20191123 090013
1 0203 20191123 090014
1 0203 20191123 200058
1 0203 20191123 200059
1 0203 20191124 085937
1 0203 20191124 085938
1 0203 20191125 085755
1 0203 20191125 085757
1 0203 20191125 085758
1 0203 20191126 090349
1 0203 20191127 085951
1 0203 20191127 085959
1 0430 20191102 085235
1 0430 20191104 094207
1 0430 20191105 090052
1 0430 20191106 084550
1 0430 20191107 064614
1 0430 20191109 085220
1 0430 20191110 100423
1 0430 20191111 090601
1 0430 20191111 183825
1 0430 20191112 174444
1 0430 20191113 092059
1 0430 20191117 105052
1 0430 20191117 172927
1 0430 20191118 091549
1 0430 20191119 095755
1 0430 20191120 091035
1 0430 20191120 195733
1 0430 20191123 092150
1 0430 20191124 092609
1 0430 20191125 064728
1 0430 20191125 183215
1 0430 20191126 090949
1 0430 20191126 180539
1 0430 20191127 091045
1 0617 20191102 100003
1 0617 20191102 193412
1 0617 20191102 193413
1 0617 20191103 090704
1 0617 20191104 094217
1 0617 20191105 090807
1 0617 20191105 192551
1 0617 20191106 091256
1 0617 20191106 091257
1 0617 20191106 191730
1 0617 20191107 085731
1 0617 20191107 085732
1 0617 20191109 125242
1 0617 20191109 175953
1 0617 20191111 085418
1 0617 20191111 195521
1 0617 20191111 195523
1 0617 20191112 085942
1 0617 20191112 085943
1 0617 20191112 170821
1 0617 20191113 085547
1 0617 20191113 085548
1 0617 20191113 170600
1 0617 20191114 091552
1 0617 20191114 202946
1 0617 20191116 085612
1 0617 20191116 172329
1 0617 20191117 085906
1 0617 20191117 172809
1 0617 20191118 085841
1 0617 20191118 085842
1 0617 20191118 174903
1 0617 20191119 091159
1 0617 20191119 091200
1 0617 20191119 170544
1 0617 20191120 085846
1 0617 20191120 170441
1 0617 20191121 090412
1 0617 20191121 090413
1 0617 20191121 142335
1 0617 20191123 085836
1 0617 20191123 173600
1 0617 20191123 173601
1 0617 20191124 092425
1 0617 20191124 145832
1 0617 20191125 093302
1 0617 20191125 165416
1 0617 20191126 090620
1 0617 20191126 090621
1 0617 20191126 180453
1 0617 20191127 090012
1 0630 20191102 055910
1 0630 20191102 140706
1 0630 20191102 140707
1 0630 20191102 140930
1 0630 20191103 060312
1 0630 20191103 135037
1 0630 20191103 135038
1 0630 20191104 060322
1 0630 20191104 135847
1 0630 20191104 135848
1 0630 20191105 061033
1 0630 20191105 135755
1 0630 20191105 135756
1 0630 20191106 060449
1 0630 20191106 140807
1 0630 20191107 060620
1 0630 20191107 142958
1 0630 20191109 090112
1 0630 20191109 170220
1 0630 20191111 060955
1 0630 20191111 140101
1 0630 20191112 060729
1 0630 20191112 140033
1 0630 20191113 061025
1 0630 20191116 060238
1 0630 20191116 140330
1 0630 20191117 061022
1 0630 20191117 135134
1 0630 20191118 061646
1 0630 20191118 140815
1 0630 20191119 061421
1 0630 20191119 141100
1 0630 20191120 061138
1 0630 20191120 140104
1 0630 20191121 061508
1 0630 20191121 140906
1 0630 20191123 060811
1 0630 20191123 141935
1 0630 20191124 061257
1 0630 20191124 131913
1 0630 20191125 061140
1 0630 20191125 140408
1 0630 20191126 061118
1 0630 20191126 061119
1 0630 20191126 135832
1 0630 20191127 061527
1 0748 20191102 090149
1 0748 20191102 193239
1 0748 20191103 090652
1 0748 20191103 171035
1 0748 20191104 085752
1 0748 20191104 231718
1 0748 20191105 090906
1 0748 20191105 173549
1 0748 20191106 091227
1 0748 20191107 085812
1 0748 20191107 181054
1 0748 20191109 090136
1 0748 20191111 085432
1 0748 20191111 180956
1 0748 20191112 085955
1 0748 20191112 171028
1 0748 20191113 085600
1 0748 20191113 141004
1 0748 20191117 085913
1 0748 20191117 172754
1 0748 20191118 085848
1 0748 20191118 174529
1 0748 20191119 091214
1 0748 20191119 170540
1 0748 20191120 085852
1 0748 20191120 170706
1 0748 20191121 090419
1 0748 20191123 085832
1 0748 20191123 170458
1 0748 20191124 092416
1 0748 20191124 183937
1 0748 20191125 090939
1 0748 20191125 170603
1 0748 20191126 090611
1 0748 20191126 180356
1 0748 20191127 090023
1 0857 20191109 122249
1 0857 20191109 122250
1 0857 20191112 093248
1 0857 20191112 093249
1 0857 20191114 091348
1 0857 20191114 091349
1 0857 20191114 091357
1 0857 20191118 115423
1 0857 20191118 115430
1 0857 20191119 092923
1 0857 20191119 092927
1 0857 20191120 100102
1 0857 20191121 091215
1 0857 20191121 091219
1 0981 20191102 082808
1 0981 20191103 081957
1 0981 20191104 085720
1 0981 20191105 085501
1 0981 20191105 085503
1 0981 20191105 170509
1 0981 20191106 085121
1 0981 20191106 175432
1 0981 20191107 080330
1 0981 20191107 160743
1 0981 20191111 092112
1 0981 20191111 180806
1 0981 20191112 083724
1 0981 20191112 170431
1 0981 20191113 085725
1 0981 20191114 090234
1 0981 20191114 170108
1 0981 20191116 084922
1 0981 20191116 170756
1 0981 20191117 085312
1 0981 20191117 172815
1 0981 20191118 085435
1 0981 20191118 182110
1 0981 20191119 084641
1 0981 20191119 171117
1 0981 20191120 083951
1 0981 20191120 171002
1 0981 20191121 091920
1 0981 20191121 170739
1 0981 20191123 083824
1 0981 20191124 094318
1 0981 20191124 173940
1 0981 20191125 082833
1 0981 20191125 171608
1 0981 20191126 084750
1 0981 20191126 172523
1 0981 20191127 082913
1 0996 20191109 102736
1 0996 20191111 085415
1 0996 20191112 090044
1 0996 20191113 085605
1 0996 20191113 175620
1 0996 20191114 091701
1 0996 20191116 085624
1 0996 20191117 085943
1 0996 20191118 085941
1 0996 20191120 085904
1 0996 20191123 085946
1 0996 20191127 090041
1 0997 20191102 091851
1 0997 20191103 090717
1 0997 20191103 090719
1 0997 20191104 221344
1 0997 20191105 090917
1 0997 20191106 091238
1 0997 20191109 090047
1 0997 20191111 085423
1 0997 20191111 085424
1 0997 20191113 085608
1 0997 20191116 085617
1 0997 20191117 085947
1 0997 20191118 085946
1 0997 20191120 085856
1 0997 20191125 104224
1 0997 20191127 090338
1 3068 20191103 060151
1 2051 20191102 100039
1 2051 20191104 101945
1 2051 20191107 095054
1 2051 20191107 181046
1 2051 20191111 195543
1 2057 20191101 072336
1 2057 20191101 124453
1 2057 20191101 124454
1 2057 20191102 135708
1 2057 20191102 135709
1 2057 20191102 135710
1 2057 20191102 215833
1 2057 20191102 215834
1 2057 20191103 215527
1 2057 20191103 215528
1 2057 20191103 215529
1 2057 20191104 060335
1 2057 20191104 215031
1 2057 20191104 215037
1 2057 20191105 062333
1 2057 20191105 062335
1 2057 20191105 062336
1 2057 20191105 215400
1 2057 20191105 215401
1 2057 20191106 060623
1 2057 20191106 215454
1 2057 20191107 061153
1 2057 20191107 061154
1 2057 20191107 215311
1 2057 20191107 215318
1 2057 20191107 215319
1 2057 20191107 215321
1 2057 20191108 060554
1 2057 20191108 060609
1 2057 20191108 140027
1 2057 20191108 140028
1 2057 20191109 055756
1 2057 20191109 055758
1 2057 20191109 055759
1 2057 20191109 140231
1 2057 20191109 214711
1 2057 20191109 214712
1 2057 20191109 214714
1 2057 20191110 060215
1 2057 20191110 060217
1 2057 20191110 060242
1 2057 20191110 060256
1 2057 20191110 060257
1 2057 20191110 134841
1 2057 20191110 134842
1 2057 20191111 215252
1 2057 20191111 215254
1 2057 20191112 060725
1 2057 20191112 215505
1 2057 20191112 215507
1 2057 20191112 215508
1 2057 20191112 215509
1 2057 20191113 061014
1 2057 20191113 061018
1 2057 20191113 215558
1 2057 20191114 060133
1 2057 20191114 060221
1 2057 20191114 134353
1 2057 20191114 134354
1 2057 20191117 215857
1 2057 20191117 215858
1 2057 20191118 061549
1 2057 20191118 061550
1 2057 20191118 061551
1 2057 20191118 135436
1 2057 20191118 220519
1 2057 20191118 220520
1 2057 20191118 220533
1 2057 20191118 220535
1 2057 20191119 061330
1 2057 20191119 140148
1 2057 20191119 140149
1 2057 20191119 215727
1 2057 20191119 215836
1 2057 20191120 061226
1 2057 20191120 135534
1 2057 20191120 215231
1 2057 20191121 215932
1 2057 20191121 215934
1 2057 20191122 065545
1 2057 20191122 065609
1 2057 20191122 125459
1 2057 20191123 215708
1 2057 20191124 064413
1 2057 20191124 215420
1 2057 20191125 061100
1 2057 20191125 061101
1 2057 20191125 215458
1 2057 20191126 061033
1 2057 20191126 215232
1 2057 20191126 215233
1 2057 20191126 215234
1 2057 20191126 215235
1 2057 20191127 061128
1 3213 20191102 083237
1 3213 20191102 083238
1 3213 20191102 180343
1 3213 20191103 082317
1 3213 20191104 085054
1 3213 20191104 085055
1 3213 20191104 231703
1 3213 20191105 085601
1 3213 20191105 085614
1 3213 20191106 081511
1 3213 20191106 081517
1 3213 20191106 081522
1 3213 20191106 191725
1 3213 20191109 093029
1 3213 20191109 093031
1 3213 20191111 081903
1 3213 20191111 081909
1 3213 20191111 195047
1 3213 20191112 084904
1 3213 20191112 084905
1 3213 20191112 171542
1 3213 20191113 075514
1 3213 20191113 075515
1 3213 20191113 193632
1 3213 20191114 084204
1 3213 20191114 084210
1 3213 20191114 163149
1 3213 20191116 085650
1 3213 20191116 085651
1 3213 20191116 164813
1 3213 20191117 080700
1 3213 20191117 160930
1 3213 20191117 173006
1 3213 20191117 173007
1 3213 20191118 085658
1 3213 20191119 092125
1 3213 20191119 092127
1 3213 20191119 204400
1 3213 20191120 082531
1 3213 20191123 085907
1 3213 20191123 085908
1 3213 20191123 172840
1 3213 20191123 172941
1 3213 20191124 085357
1 3213 20191124 085358
1 3213 20191124 195213
1 3213 20191125 085744
1 3213 20191125 090317
1 3213 20191125 173425
1 3213 20191126 082228
1 3213 20191126 082233
1 3213 20191126 180534
1 3213 20191127 081857
1 3213 20191127 082816
1 3218 20191102 080229
1 3218 20191102 193638
1 3218 20191103 075654
1 3218 20191103 172604
1 3218 20191104 080515
1 3218 20191104 080516
1 3218 20191105 000257
1 3218 20191105 081352
1 3218 20191105 081353
1 3218 20191105 175048
1 3218 20191106 080105
1 3218 20191106 191939
1 3218 20191107 065542
1 3218 20191107 181843
1 3218 20191109 080229
1 3218 20191109 181756
1 3218 20191110 094808
1 3218 20191110 213523
1 3218 20191111 080410
1 3218 20191111 204735
1 3218 20191112 075823
1 3218 20191112 205503
1 3218 20191113 080117
1 3218 20191113 080121
1 3218 20191113 190913
1 3218 20191114 075823
1 3218 20191114 204146
1 3218 20191115 093011
1 3218 20191115 191819
1 3218 20191116 075745
1 3218 20191116 204224
1 3218 20191117 080232
1 3218 20191118 075832
1 3218 20191118 191224
1 3218 20191119 080809
1 3218 20191119 192155
1 3218 20191121 080015
1 3218 20191121 173123
1 3218 20191122 095648
1 3218 20191122 193232
1 3218 20191123 080401
1 3218 20191123 182049
1 3218 20191124 080504
1 3218 20191124 184326
1 3218 20191125 065657
1 3218 20191125 204206
1 3218 20191126 080315
1 3218 20191126 180955
1 3218 20191127 075750
1 3219 20191101 055914
1 3219 20191101 115829
1 3219 20191101 115830
1 3219 20191102 140130
1 3219 20191102 140131
1 3219 20191102 221356
1 3219 20191103 215725
1 3219 20191104 055757
1 3219 20191104 220706
1 3219 20191105 060722
1 3219 20191105 060723
1 3219 20191105 140320
1 3219 20191105 215429
1 3219 20191106 060144
1 3219 20191106 141436
1 3219 20191106 151929
1 3219 20191106 175545
1 3219 20191107 060110
1 3219 20191107 143343
1 3219 20191107 153620
1 3219 20191107 180033
1 3219 20191108 060131
1 3219 20191108 130046
1 3219 20191109 060112
1 3219 20191109 140242
1 3219 20191111 135543
1 3219 20191111 204728
1 3219 20191112 215619
1 3219 20191113 060658
1 3219 20191113 135842
1 3219 20191113 220249
1 3219 20191114 060046
1 3219 20191114 141002
1 3219 20191114 151318
1 3219 20191114 215956
1 3219 20191115 060109
1 3219 20191115 130454
1 3219 20191116 060307
1 3219 20191116 135547
1 3219 20191116 145637
1 3219 20191116 220029
1 3219 20191116 220034
1 3219 20191117 060431
1 3219 20191117 130440
1 3219 20191117 140656
1 3219 20191117 190353
1 3219 20191117 190354
1 3219 20191118 060451
1 3219 20191118 135931
1 3219 20191118 150417
1 3219 20191118 150418
1 3219 20191118 200402
1 3219 20191119 060513
1 3219 20191119 060514
1 3219 20191119 140648
1 3219 20191119 151440
1 3219 20191119 220222
1 3219 20191120 060628
1 3219 20191120 135421
1 3219 20191120 150315
1 3219 20191120 220354
1 3219 20191121 060159
1 3219 20191121 135756
1 3219 20191121 150218
1 3219 20191121 215805
1 3219 20191122 060554
1 3219 20191122 124934
1 3219 20191123 060529
1 3219 20191123 140024
1 3219 20191123 150443
1 3219 20191123 205833
1 3219 20191124 060528
1 3219 20191124 060529
1 3219 20191124 140232
1 3219 20191124 140233
1 3219 20191124 150935
1 3219 20191124 215823
1 3219 20191125 060751
1 3219 20191125 140528
1 3219 20191126 060321
1 3219 20191126 142616
1 3219 20191127 060200
1 3220 20191102 135743
1 3220 20191102 221419
1 3220 20191103 055845
1 3220 20191103 141342
1 3220 20191104 055637
1 3220 20191104 140548
1 3220 20191105 060142
1 3220 20191105 190324
1 3220 20191106 060231
1 3220 20191106 200027
1 3220 20191107 055822
1 3220 20191107 171335
1 3220 20191108 060125
1 3220 20191108 125735
1 3220 20191109 135435
1 3220 20191109 220134
1 3220 20191110 125019
1 3220 20191110 220033
1 3220 20191111 060006
1 3220 20191111 195944
1 3220 20191111 195954
1 3220 20191112 055942
1 3220 20191112 220823
1 3220 20191113 061242
1 3220 20191113 141013
1 3220 20191113 215715
1 3220 20191114 060701
1 3220 20191114 135457
1 3220 20191114 215901
1 3220 20191115 060030
1 3220 20191115 130447
1 3220 20191116 060824
1 3220 20191116 215619
1 3220 20191117 060351
1 3220 20191117 190357
1 3220 20191118 135452
1 3220 20191118 220006
1 3220 20191119 135609
1 3220 20191119 215818
1 3220 20191120 060004
1 3220 20191120 145919
1 3220 20191120 215733
1 3220 20191121 060741
1 3220 20191121 135401
1 3220 20191121 215758
1 3220 20191122 061008
1 3220 20191122 124907
1 3220 20191123 060236
1 3220 20191123 140120
1 3220 20191123 215010
1 3220 20191124 060609
1 3220 20191124 135336
1 3220 20191124 215925
1 3220 20191125 135705
1 3220 20191126 060445
1 3220 20191126 135719
1 3220 20191126 215853
1 3221 20191101 055513
1 3221 20191101 055514
1 3221 20191101 115736
1 3221 20191101 115737
1 3221 20191102 055507
1 3221 20191102 125627
1 3221 20191102 125628
1 3221 20191105 140559
1 3221 20191105 215447
1 3221 20191106 060946
1 3221 20191106 060958
1 3221 20191106 061000
1 3221 20191106 141007
1 3221 20191106 141016
1 3221 20191106 175656
1 3221 20191107 055657
1 3221 20191107 140318
1 3221 20191107 140319
1 3221 20191107 145909
1 3221 20191107 145910
1 3221 20191107 180049
1 3221 20191107 180050
1 3221 20191108 055958
1 3221 20191108 055959
1 3221 20191108 130108
1 3221 20191108 130109
1 3221 20191109 135632
1 3221 20191109 135633
1 3221 20191109 220143
1 3221 20191109 220144
1 3221 20191109 220145
1 3221 20191110 060004
1 3221 20191110 060006
1 3221 20191110 140139
1 3221 20191110 140140
1 3221 20191110 140141
1 3221 20191111 135336
1 3221 20191111 135337
1 3221 20191111 215913
1 3221 20191112 055938
1 3221 20191112 055939
1 3221 20191112 140224
1 3221 20191113 135426
1 3221 20191113 215933
1 3221 20191114 055907
1 3221 20191114 140414
1 3221 20191114 140422
1 3221 20191114 215904
1 3221 20191115 055955
1 3221 20191115 130501
1 3221 20191116 060033
1 3221 20191116 141433
1 3221 20191116 152059
1 3221 20191116 215644
1 3221 20191117 060358
1 3221 20191117 140929
1 3221 20191117 151205
1 3221 20191117 190402
1 3221 20191118 060044
1 3221 20191118 135634
1 3221 20191118 135642
1 3221 20191118 220031
1 3221 20191119 060237
1 3221 20191119 140835
1 3221 20191119 140841
1 3221 20191119 215822
1 3221 20191120 060144
1 3221 20191120 140353
1 3221 20191120 140400
1 3221 20191120 160511
1 3221 20191120 215637
1 3221 20191121 060437
1 3221 20191121 135159
1 3221 20191121 215810
1 3221 20191122 060149
1 3221 20191122 125132
1 3221 20191123 055953
1 3221 20191123 140122
1 3221 20191123 215143
1 3221 20191124 055953
1 3221 20191124 140016
1 3221 20191124 215942
1 3221 20191125 140021
1 3221 20191125 215327
1 3221 20191125 215333
1 3221 20191126 060515
1 3221 20191126 135210
1 3221 20191126 215901
1 3222 20191102 075800
1 3222 20191102 170119
1 3222 20191103 080217
1 3222 20191103 171926
1 3222 20191104 080055
1 3222 20191105 080110
1 3222 20191105 172245
1 3222 20191106 080212
1 3222 20191106 170309
1 3222 20191107 080238
1 3222 20191107 165304
1 3222 20191109 075940
1 3222 20191109 170108
1 3222 20191111 080041
1 3222 20191111 170632
1 3222 20191112 075955
1 3222 20191112 170340
1 3222 20191113 080002
1 3222 20191113 165915
1 3222 20191114 075952
1 3222 20191114 201310
1 3222 20191116 080010
1 3222 20191116 170122
1 3222 20191117 075834
1 3222 20191117 173015
1 3222 20191118 075925
1 3222 20191118 171741
1 3222 20191119 081012
1 3222 20191119 170649
1 3222 20191120 080035
1 3222 20191120 172949
1 3222 20191121 080008
1 3222 20191121 172113
1 3222 20191122 095821
1 3222 20191122 120120
1 3222 20191123 080011
1 3222 20191123 172854
1 3222 20191124 080046
1 3222 20191124 171738
1 3222 20191125 080106
1 3222 20191125 204253
1 3222 20191126 080032
1 3222 20191126 170635
1 3222 20191127 075827
1 3223 20191102 055931
1 3223 20191102 215843
1 3223 20191102 215850
1 3223 20191102 215854
1 3223 20191103 141347
1 3223 20191103 141351
1 3223 20191104 060045
1 3223 20191104 140543
1 3223 20191105 060311
1 3223 20191105 190338
1 3223 20191106 055627
1 3223 20191106 200306
1 3223 20191106 200308
1 3223 20191107 055842
1 3223 20191107 180056
1 3223 20191108 060022
1 3223 20191108 060025
1 3223 20191108 125652
1 3223 20191109 215701
1 3223 20191109 215719
1 3223 20191110 060401
1 3223 20191110 135758
1 3223 20191110 135759
1 3223 20191110 220041
1 3223 20191111 060031
1 3223 20191111 140327
1 3223 20191112 135936
1 3223 20191112 135940
1 3223 20191112 220709
1 3223 20191113 055642
1 3223 20191113 055702
1 3223 20191113 141016
1 3223 20191113 141017
1 3223 20191113 215838
1 3223 20191114 060644
1 3223 20191114 060645
1 3223 20191114 135728
1 3223 20191114 135737
1 3223 20191114 215851
1 3223 20191115 055703
1 3223 20191115 055706
1 3223 20191115 130450
1 3223 20191116 055749
1 3223 20191116 055751
1 3223 20191116 055756
1 3223 20191116 220016
1 3223 20191116 220019
1 3223 20191116 220023
1 3223 20191117 060153
1 3223 20191117 135732
1 3223 20191123 135509
1 3223 20191123 135514
1 3223 20191123 215942
1 3223 20191124 060018
1 3223 20191124 140239
1 3223 20191124 140252
1 3223 20191124 140253
1 3223 20191124 150347
1 3223 20191124 215932
1 3223 20191125 060056
1 3223 20191125 060057
1 3223 20191125 140535
1 3223 20191125 150605
1 3223 20191125 150606
1 3223 20191125 215719
1 3223 20191126 055659
1 3223 20191126 055701
1 3223 20191126 142104
1 3223 20191126 142105
1 3223 20191127 055746
1 3224 20191101 060039
1 3224 20191101 060041
1 3224 20191101 114451
1 3224 20191102 060125
1 3224 20191102 141350
1 3224 20191102 215743
1 3224 20191103 060217
1 3224 20191103 060225
1 3224 20191103 215640
1 3224 20191104 055840
1 3224 20191104 055842
1 3224 20191104 214848
1 3224 20191105 001324
1 3224 20191105 060634
1 3224 20191105 135619
1 3224 20191105 215420
1 3224 20191106 060342
1 3224 20191106 135652
1 3224 20191106 135706
1 3224 20191106 175518
1 3224 20191107 055949
1 3224 20191107 143330
1 3224 20191107 151848
1 3224 20191107 181059
1 3224 20191108 060332
1 3224 20191108 130043
1 3224 20191109 055950
1 3224 20191109 140238
1 3224 20191109 215750
1 3224 20191110 060127
1 3224 20191110 060128
1 3224 20191110 060138
1 3224 20191110 125928
1 3224 20191112 215708
1 3224 20191113 060932
1 3224 20191113 135805
1 3224 20191113 220003
1 3224 20191114 060119
1 3224 20191114 140455
1 3224 20191114 145356
1 3224 20191114 215928
1 3224 20191115 060248
1 3224 20191115 130445
1 3224 20191116 060214
1 3224 20191116 135359
1 3224 20191116 135407
1 3224 20191116 215702
1 3224 20191117 060331
1 3224 20191117 140910
1 3224 20191117 145555
1 3224 20191117 190017
1 3224 20191118 060017
1 3224 20191118 135925
1 3224 20191118 145902
1 3224 20191118 200121
1 3224 20191119 060041
1 3224 20191119 135920
1 3224 20191120 060150
1 3224 20191120 135418
1 3224 20191120 145538
1 3224 20191120 220350
1 3224 20191121 060218
1 3224 20191121 135750
1 3224 20191121 135751
1 3224 20191121 145736
1 3224 20191121 215650
1 3224 20191122 060303
1 3224 20191122 124910
1 3224 20191123 060007
1 3224 20191123 140028
1 3224 20191123 150149
1 3224 20191123 215546
1 3224 20191124 060140
1 3224 20191124 140209
1 3224 20191124 150123
1 3224 20191124 215818
1 3224 20191125 060105
1 3224 20191125 140521
1 3224 20191126 055819
1 3224 20191126 142056
1 3224 20191127 060446
1 3225 20191101 055845
1 3225 20191101 124126
1 3225 20191102 135746
1 3225 20191102 220225
1 3225 20191103 135623
1 3225 20191103 220006
1 3225 20191104 135629
1 3225 20191104 231046
1 3225 20191105 135453
1 3225 20191105 220007
1 3225 20191106 135945
1 3225 20191106 220004
1 3225 20191107 135703
1 3225 20191107 220652
1 3225 20191109 060046
1 3225 20191109 141110
1 3225 20191110 060418
1 3225 20191110 140351
1 3225 20191111 060352
1 3225 20191111 142211
1 3225 20191111 142218
1 3225 20191111 180646
1 3225 20191112 060351
1 3225 20191112 140957
1 3225 20191112 215703
1 3225 20191113 055751
1 3225 20191113 055755
1 3225 20191113 140925
1 3225 20191114 060454
1 3225 20191114 140223
1 3225 20191119 140440
1 3225 20191119 215826
1 3225 20191120 135546
1 3225 20191120 220150
1 3225 20191121 135642
1 3225 20191121 220146
1 3225 20191122 142413
1 3225 20191122 220008
1 3225 20191123 060317
1 3225 20191123 140546
1 3225 20191124 060454
1 3225 20191124 140136
1 3225 20191125 060810
1 3225 20191125 140006
1 3225 20191126 060729
1 3225 20191126 141500
1 3225 20191127 060704
1 3226 20191102 080414
1 3226 20191102 203445
1 3226 20191103 080051
1 3226 20191103 182311
1 3226 20191104 080156
1 3226 20191104 231230
1 3226 20191105 075637
1 3226 20191105 200131
1 3226 20191106 080000
1 3226 20191106 200035
1 3226 20191107 075915
1 3226 20191107 181145
1 3226 20191109 080157
1 3226 20191109 180204
1 3226 20191110 093037
1 3226 20191110 150200
1 3226 20191111 080249
1 3226 20191111 200227
1 3226 20191112 080326
1 3226 20191112 191011
1 3226 20191113 080144
1 3226 20191113 220401
1 3226 20191114 201828
1 3226 20191117 160917
1 3226 20191117 160939
1 3227 20191101 055854
1 3227 20191101 055855
1 3227 20191101 124137
1 3227 20191102 135750
1 3227 20191102 220232
1 3227 20191103 135756
1 3227 20191103 135801
1 3227 20191103 135803
1 3227 20191103 220010
1 3227 20191104 135740
1 3227 20191104 135742
1 3227 20191104 140103
1 3227 20191104 231051
1 3227 20191105 135935
1 3227 20191105 220021
1 3227 20191105 220027
1 3227 20191106 135825
1 3227 20191106 220009
1 3227 20191107 135653
1 3227 20191107 135654
1 3227 20191107 220656
1 3227 20191108 060422
1 3227 20191108 060423
1 3227 20191108 125109
1 3227 20191109 060050
1 3227 20191109 141114
1 3227 20191110 060421
1 3227 20191110 140349
1 3227 20191111 060354
1 3227 20191111 142242
1 3227 20191111 142249
1 3227 20191111 180750
1 3227 20191112 055952
1 3227 20191112 141000
1 3227 20191113 060048
1 3227 20191113 141149
1 3227 20191114 060526
1 3227 20191114 140249
1 3227 20191116 135949
1 3227 20191116 220702
1 3227 20191117 092452
1 3227 20191117 220008
1 3227 20191118 135942
1 3227 20191118 220136
1 3227 20191119 140135
1 3227 20191119 215802
1 3227 20191120 060653
1 3227 20191120 220025
1 3227 20191121 140200
1 3227 20191121 220153
1 3227 20191122 141014
1 3227 20191122 220050
1 3227 20191123 060605
1 3227 20191123 140615
1 3227 20191124 060320
1 3227 20191124 140152
1 3227 20191125 060111
1 3227 20191125 135958
1 3227 20191126 055756
1 3227 20191126 141519
1 3227 20191127 060837
1 3228 20191102 140345
1 3228 20191103 135629
1 3228 20191103 220015
1 3228 20191104 055835
1 3228 20191104 140004
1 3228 20191105 135336
1 3228 20191105 220012
1 3228 20191106 055742
1 3228 20191106 140004
1 3228 20191107 135149
1 3228 20191107 135151
1 3228 20191107 215929
1 3228 20191108 060019
1 3228 20191108 095953
1 3228 20191109 060955
1 3228 20191109 140020
1 3228 20191110 055628
1 3228 20191110 140000
1 3228 20191111 135244
1 3228 20191111 215941
1 3228 20191112 055520
1 3228 20191112 140439
1 3228 20191113 135343
1 3228 20191113 215710
1 3228 20191114 055547
1 3228 20191114 135908
1 3228 20191115 140706
1 3228 20191115 215123
1 3228 20191116 055713
1 3228 20191116 135953
1 3228 20191116 140003
1 3228 20191117 135140
1 3228 20191117 215921
1 3228 20191118 055752
1 3228 20191118 140324
1 3228 20191119 135000
1 3228 20191119 215754
1 3228 20191119 215755
1 3228 20191120 055640
1 3228 20191120 140306
1 3228 20191121 135520
1 3228 20191121 215817
1 3228 20191123 135502
1 3228 20191123 215826
1 3228 20191124 055748
1 3228 20191124 140037
1 3228 20191125 135522
1 3228 20191125 220016
1 3228 20191126 055642
1 3228 20191126 135938
1 3229 20191101 061521
1 3229 20191101 124008
1 3229 20191102 135036
1 3229 20191102 220228
1 3229 20191104 140035
1 3229 20191104 140042
1 3229 20191104 231038
1 3229 20191105 135401
1 3229 20191105 135402
1 3229 20191105 220000
1 3229 20191106 135116
1 3229 20191106 220002
1 3229 20191107 060301
1 3229 20191107 140213
1 3229 20191109 135835
1 3229 20191109 215759
1 3229 20191110 060756
1 3229 20191110 140404
1 3229 20191111 060403
1 3229 20191111 142847
1 3229 20191111 153154
1 3229 20191111 180655
1 3229 20191112 060354
1 3229 20191112 141118
1 3229 20191112 215731
1 3229 20191113 062542
1 3229 20191113 062545
1 3229 20191113 140956
1 3229 20191114 060502
1 3229 20191114 140430
1 3229 20191115 060610
1 3229 20191115 125047
1 3229 20191115 142716
1 3229 20191115 215139
1 3229 20191116 135413
1 3229 20191116 220631
1 3229 20191116 220633
1 3229 20191117 091638
1 3229 20191117 154249
1 3229 20191117 154252
1 3229 20191117 220015
1 3229 20191118 134912
1 3229 20191118 220142
1 3229 20191119 060902
1 3229 20191119 215931
1 3229 20191120 135854
1 3229 20191120 220033
1 3229 20191121 060729
1 3229 20191121 141930
1 3229 20191121 141934
1 3229 20191121 220142
1 3229 20191122 061101
1 3229 20191122 125508
1 3229 20191122 141921
1 3229 20191122 220043
1 3229 20191123 060951
1 3229 20191123 140835
1 3229 20191124 060420
1 3229 20191124 140147
1 3229 20191125 060603
1 3229 20191125 135934
1 3229 20191126 060733
1 3229 20191126 141507
1 3229 20191126 141508
1 3229 20191127 060638
1 3230 20191102 090053
1 3230 20191102 190004
1 3230 20191103 084929
1 3230 20191103 183752
1 3230 20191104 085431
1 3230 20191105 085527
1 3230 20191105 191121
1 3230 20191106 090051
1 3230 20191106 191934
1 3230 20191107 085013
1 3230 20191107 181205
1 3230 20191109 090042
1 3230 20191109 184153
1 3230 20191111 085048
1 3230 20191111 183830
1 3230 20191112 084733
1 3230 20191112 170505
1 3230 20191113 084709
1 3230 20191113 174541
1 3230 20191114 084641
1 3230 20191114 180008
1 3230 20191116 085238
1 3230 20191116 181803
1 3230 20191117 084313
1 3230 20191117 191746
1 3230 20191118 085509
1 3230 20191118 185444
1 3230 20191119 085210
1 3230 20191119 170708
1 3230 20191120 085809
1 3230 20191120 175556
1 3230 20191121 090034
1 3230 20191121 180025
1 3230 20191123 085138
1 3230 20191123 201455
1 3230 20191124 085353
1 3230 20191124 184245
1 3230 20191125 085741
1 3230 20191125 180141
1 3230 20191126 085812
1 3230 20191126 173328
1 3230 20191127 085804
1 3231 20191102 060047
1 3231 20191102 141359
1 3231 20191103 215833
1 3231 20191104 060859
1 3231 20191104 060907
1 3231 20191104 140759
1 3231 20191104 214645
1 3231 20191105 060607
1 3231 20191105 135554
1 3231 20191105 220424
1 3231 20191106 061807
1 3231 20191106 141420
1 3231 20191106 215507
1 3231 20191107 060333
1 3231 20191107 135207
1 3231 20191107 220224
1 3231 20191109 060139
1 3231 20191109 140220
1 3231 20191110 060017
1 3231 20191110 140231
1 3231 20191111 215224
1 3231 20191112 060631
1 3231 20191112 215520
1 3231 20191113 060734
1 3231 20191113 135638
1 3231 20191113 212119
1 3231 20191113 222015
1 3231 20191114 060020
1 3231 20191114 215207
1 3231 20191115 060536
1 3231 20191115 060620
1 3231 20191115 135603
1 3231 20191116 215948
1 3231 20191117 060206
1 3231 20191117 215842
1 3231 20191118 073500
1 3231 20191118 073509
1 3231 20191118 152840
1 3231 20191118 174351
1 3231 20191119 060008
1 3231 20191119 140449
1 3231 20191120 055554
1 3231 20191120 140013
1 3231 20191121 215222
1 3231 20191122 060010
1 3231 20191123 214831
1 3231 20191124 060004
1 3231 20191124 135356
1 3231 20191124 220014
1 3231 20191125 055651
1 3231 20191125 140330
1 3231 20191125 215449
1 3231 20191126 060134
1 3231 20191126 135529
1 3231 20191126 220132
1 3231 20191127 055732
1 3232 20191106 080219
1 3232 20191106 080220
1 3232 20191106 173307
1 3232 20191106 173311
1 3232 20191106 173312
1 3232 20191107 080722
1 3232 20191107 180854
1 3232 20191109 080220
1 3232 20191109 170119
1 3232 20191110 100256
1 3232 20191110 100257
1 3232 20191110 110134
1 3232 20191110 110136
1 3232 20191111 080924
1 3232 20191112 081301
1 3232 20191112 180209
1 3232 20191113 081129
1 3232 20191113 081130
1 3232 20191113 170236
1 3232 20191113 170237
1 3232 20191114 080539
1 3232 20191114 171214
1 3232 20191115 081706
1 3232 20191115 081707
1 3232 20191115 125050
1 3232 20191116 080417
1 3232 20191116 181217
1 3232 20191116 181218
1 3232 20191117 075521
1 3232 20191117 170100
1 3232 20191118 080126
1 3232 20191118 170226
1 3232 20191119 080144
1 3232 20191119 203911
1 3232 20191119 203912
1 3232 20191120 080639
1 3232 20191120 171732
1 3232 20191121 080423
1 3232 20191121 205801
1 3232 20191123 080203
1 3232 20191123 171011
1 3232 20191124 075652
1 3232 20191124 170315
1 3232 20191125 080213
1 3232 20191125 214026
1 3232 20191126 081035
1 3232 20191126 170057
1 3232 20191127 080529
1 3233 20191102 215536
1 3233 20191103 055921
1 3233 20191103 215351
1 3233 20191104 060546
1 3233 20191104 135522
1 3233 20191104 220141
1 3233 20191105 060008
1 3233 20191105 060011
1 3233 20191105 140228
1 3233 20191105 215352
1 3233 20191106 060853
1 3233 20191106 135152
1 3233 20191106 220022
1 3233 20191107 055600
1 3233 20191107 135917
1 3233 20191107 135925
1 3233 20191107 215446
1 3233 20191108 060014
1 3233 20191109 055944
1 3233 20191109 140204
1 3233 20191109 215728
1 3233 20191110 060206
1 3233 20191110 135115
1 3233 20191110 220802
1 3233 20191111 060507
1 3233 20191111 140041
1 3233 20191112 060033
1 3233 20191112 140022
1 3233 20191113 055822
1 3233 20191113 140551
1 3233 20191113 215250
1 3233 20191114 060039
1 3233 20191114 135511
1 3233 20191114 220020
1 3233 20191114 220029
1 3233 20191115 060308
1 3233 20191115 140014
1 3233 20191115 145618
1 3233 20191115 200435
1 3233 20191116 215256
1 3233 20191117 060028
1 3233 20191117 215346
1 3233 20191118 060949
1 3233 20191118 135626
1 3233 20191118 220817
1 3233 20191119 060216
1 3233 20191119 140208
1 3233 20191119 215039
1 3233 20191120 060021
1 3233 20191120 135209
1 3233 20191120 220005
1 3233 20191120 220012
1 3233 20191121 055447
1 3233 20191121 140054
1 3233 20191123 055840
1 3233 20191123 140129
1 3233 20191124 060127
1 3233 20191124 140741
1 3233 20191124 214843
1 3233 20191125 060900
1 3233 20191125 134832
1 3233 20191125 220007
1 3233 20191126 055639
1 3233 20191126 140005
1 3234 20191101 090244
1 3234 20191101 090305
1 3234 20191101 115730
1 3234 20191102 075917
1 3234 20191103 200351
1 3234 20191103 200440
1 3234 20191104 080618
1 3234 20191105 081306
1 3234 20191105 201450
1 3234 20191106 075921
1 3234 20191106 175439
1 3234 20191107 075933
1 3234 20191107 181944
1 3234 20191108 112728
1 3234 20191108 131407
1 3234 20191109 080305
1 3234 20191109 180026
1 3234 20191109 180908
1 3234 20191109 200154
1 3234 20191110 090319
1 3234 20191110 150039
1 3234 20191111 080513
1 3234 20191111 173007
1 3234 20191112 080421
1 3234 20191113 085954
1 3234 20191113 180148
1 3234 20191114 075809
1 3234 20191114 210016
1 3234 20191115 080902
1 3234 20191115 191914
1 3235 20191101 074011
1 3235 20191101 074012
1 3235 20191101 074013
1 3235 20191101 130633
1 3235 20191101 130635
1 3235 20191101 130636
1 3235 20191102 074212
1 3235 20191102 074213
1 3235 20191102 074214
1 3235 20191102 220948
1 3235 20191102 220950
1 3235 20191102 220951
1 3235 20191103 074827
1 3235 20191103 074828
1 3235 20191103 074829
1 3235 20191103 074830
1 3235 20191103 074832
1 3235 20191103 210259
1 3235 20191103 210300
1 3235 20191103 210302
1 3235 20191104 080038
1 3235 20191104 080040
1 3235 20191104 080041
1 3235 20191104 231612
1 3235 20191104 231613
1 3235 20191104 231614
1 3235 20191104 231616
1 3235 20191105 074644
1 3235 20191105 074645
1 3235 20191105 195858
1 3235 20191105 195859
1 3235 20191105 195900
1 3235 20191105 195901
1 3235 20191106 075115
1 3235 20191106 075117
1 3235 20191106 075118
1 3235 20191106 185534
1 3235 20191106 185535
1 3235 20191106 185536
1 3235 20191107 075058
1 3235 20191107 075059
1 3235 20191107 075100
1 3235 20191107 193439
1 3235 20191107 193440
1 3235 20191107 193442
1 3235 20191109 075256
1 3235 20191109 075257
1 3235 20191109 075258
1 3235 20191109 075300
1 3235 20191109 200407
1 3235 20191109 200409
1 3235 20191109 220558
1 3235 20191109 230251
1 3235 20191109 230252
1 3235 20191109 230254
1 3235 20191110 100515
1 3235 20191110 100516
1 3235 20191110 150141
1 3235 20191110 150143
1 3235 20191111 075403
1 3235 20191111 075416
1 3235 20191111 200105
1 3235 20191112 074921
1 3235 20191112 074922
1 3235 20191112 181132
1 3235 20191112 181133
1 3235 20191113 075426
1 3235 20191113 075428
1 3235 20191113 171339
1 3235 20191113 191602
1 3235 20191113 222921
1 3235 20191113 222923
1 3235 20191114 074841
1 3235 20191114 074843
1 3235 20191114 153641
1 3235 20191123 080258
1 3235 20191123 080259
1 3235 20191123 180308
1 3235 20191123 180309
1 3235 20191123 180310
1 3235 20191123 213930
1 3235 20191123 223319
1 3235 20191124 075029
1 3235 20191124 190323
1 3235 20191125 074919
1 3235 20191126 011257
1 3235 20191126 011258
1 3235 20191126 080020
1 3235 20191126 170723
1 3235 20191126 170724
1 3235 20191127 080050
1 3235 20191127 080052
1 3236 20191102 075900
1 3236 20191102 075901
1 3236 20191102 221253
1 3236 20191102 221254
1 3236 20191103 075822
1 3236 20191103 173101
1 3236 20191104 075856
1 3236 20191104 220015
1 3236 20191105 075852
1 3236 20191105 170256
1 3236 20191106 075915
1 3236 20191106 170831
1 3236 20191107 075920
1 3236 20191107 181203
1 3236 20191109 075626
1 3236 20191109 180041
1 3236 20191109 180042
1 3236 20191110 075922
1 3236 20191110 150106
1 3236 20191111 080032
1 3236 20191111 173623
1 3236 20191112 075921
1 3236 20191112 180056
1 3236 20191113 075843
1 3236 20191113 170425
1 3236 20191114 075835
1 3236 20191114 210026
1 3236 20191115 055946
1 3236 20191115 200024
1 3236 20191116 075836
1 3236 20191116 200238
1 3236 20191117 075909
1 3236 20191117 170036
1 3236 20191118 075843
1 3236 20191118 180057
1 3236 20191119 075755
1 3236 20191119 182514
1 3236 20191120 075805
1 3236 20191120 180618
1 3236 20191121 075956
1 3236 20191121 180255
1 3236 20191122 075954
1 3236 20191122 195607
1 3236 20191123 075920
1 3236 20191123 171126
1 3236 20191124 075803
1 3236 20191124 181013
1 3236 20191125 075430
1 3236 20191125 190006
1 3236 20191126 075909
1 3236 20191126 170020
1 3236 20191127 075703
1 3237 20191104 222818
1 3237 20191104 222819
1 3237 20191105 060327
1 3237 20191105 060329
1 3237 20191105 060340
1 3237 20191105 060342
1 3237 20191105 220258
1 3237 20191106 060207
1 3237 20191106 060208
1 3237 20191106 215800
1 3237 20191107 060105
1 3237 20191107 215803
1 3237 20191108 060221
1 3237 20191109 055805
1 3237 20191109 055807
1 3237 20191109 145618
1 3237 20191109 145620
1 3237 20191110 055831
1 3237 20191110 191044
1 3237 20191110 191051
1 3237 20191111 055921
1 3237 20191111 055925
1 3237 20191111 140027
1 3237 20191111 140028
1 3237 20191111 140029
1 3237 20191111 140030
1 3237 20191111 140033
1 3237 20191111 140035
1 3237 20191111 140036
1 3237 20191111 215758
1 3237 20191111 215802
1 3237 20191112 081526
1 3237 20191112 081529
1 3237 20191112 081533
1 3237 20191112 140202
1 3237 20191112 140206
1 3237 20191113 055629
1 3237 20191113 140447
1 3237 20191113 140451
1 3237 20191113 215943
1 3237 20191113 215944
1 3237 20191114 081116
1 3237 20191114 081120
1 3237 20191114 081123
1 3237 20191114 081127
1 3237 20191114 140139
1 3237 20191114 215712
1 3237 20191114 215722
1 3237 20191115 060044
1 3237 20191115 060045
1 3237 20191115 140920
1 3237 20191115 140921
1 3237 20191115 201508
1 3237 20191115 201514
1 3237 20191116 215905
1 3237 20191117 060320
1 3237 20191117 060321
1 3237 20191117 215820
1 3237 20191118 060413
1 3237 20191118 060414
1 3237 20191118 135719
1 3237 20191118 135720
1 3237 20191118 220124
1 3237 20191118 220126
1 3237 20191119 055755
1 3237 20191119 055757
1 3237 20191119 135827
1 3237 20191119 135828
1 3237 20191119 220007
1 3237 20191119 220009
1 3237 20191120 060212
1 3237 20191120 060213
1 3237 20191120 060215
1 3237 20191120 135726
1 3237 20191120 135727
1 3237 20191120 220036
1 3237 20191120 220038
1 3237 20191121 055632
1 3237 20191121 055633
1 3237 20191121 055635
1 3237 20191121 142427
1 3237 20191121 142429
1 3237 20191121 142430
1 3237 20191123 055909
1 3237 20191123 055911
1 3237 20191123 140629
1 3237 20191123 140631
1 3237 20191124 055934
1 3237 20191124 140039
1 3237 20191124 140040
1 3237 20191125 055944
1 3237 20191125 055946
1 3237 20191125 140515
1 3237 20191125 140516
1 3237 20191126 055707
1 3237 20191126 055708
1 3237 20191126 140229
1 3237 20191126 140230
1 3237 20191126 140231
1 3237 20191127 055919
1 3237 20191127 055920
1 3238 20191101 055439
1 3238 20191101 124131
1 3238 20191102 215656
1 3238 20191102 215702
1 3238 20191103 060157
1 3238 20191103 215825
1 3238 20191104 060345
1 3238 20191104 221401
1 3238 20191105 063421
1 3238 20191105 215753
1 3238 20191106 060254
1 3238 20191106 215343
1 3238 20191107 060540
1 3238 20191107 215342
1 3238 20191108 060817
1 3238 20191109 060025
1 3238 20191109 144348
1 3238 20191111 215829
1 3238 20191112 062137
1 3238 20191112 062146
1 3238 20191112 140155
1 3238 20191113 060648
1 3238 20191113 140521
1 3238 20191113 215509
1 3238 20191114 064955
1 3238 20191114 065002
1 3238 20191114 140240
1 3238 20191114 214146
1 3238 20191115 060124
1 3238 20191115 141713
1 3238 20191115 201520
1 3238 20191116 215614
1 3238 20191117 060243
1 3238 20191117 215817
1 3238 20191118 060756
1 3238 20191118 232253
1 3238 20191119 060643
1 3238 20191119 134910
1 3238 20191119 215843
1 3238 20191119 220038
1 3238 20191119 220041
1 3238 20191119 220056
1 3238 20191120 060439
1 3238 20191120 135642
1 3238 20191120 220134
1 3238 20191120 230106
1 3238 20191121 055321
1 3238 20191121 055326
1 3238 20191121 142546
1 3238 20191121 223443
1 3238 20191122 055649
1 3238 20191123 055950
1 3238 20191123 140712
1 3238 20191123 215004
1 3238 20191124 065919
1 3238 20191124 214846
1 3238 20191125 055956
1 3238 20191125 215320
1 3238 20191126 060347
1 3238 20191126 215239
1 3238 20191127 060139
1 3239 20191101 060108
1 3239 20191101 124124
1 3239 20191102 060148
1 3239 20191102 140332
1 3239 20191103 060126
1 3239 20191103 140330
1 3239 20191104 060356
1 3239 20191104 140047
1 3239 20191105 060231
1 3239 20191105 141214
1 3239 20191106 060408
1 3239 20191106 140337
1 3239 20191107 060310
1 3239 20191107 140347
1 3239 20191108 060456
1 3239 20191108 095954
1 3239 20191109 135939
1 3239 20191109 215802
1 3239 20191110 060419
1 3239 20191110 140043
1 3239 20191111 060417
1 3239 20191111 140221
1 3239 20191112 060244
1 3239 20191112 140512
1 3239 20191113 060407
1 3239 20191113 143336
1 3239 20191114 060257
1 3239 20191119 135155
1 3239 20191119 215751
1 3239 20191120 060332
1 3239 20191120 140336
1 3239 20191121 060255
1 3239 20191121 140416
1 3239 20191123 060247
1 3239 20191123 140542
1 3239 20191124 060220
1 3239 20191124 140005
1 3239 20191125 060444
1 3239 20191125 140012
1 3239 20191126 060207
1 3239 20191126 141501
1 3239 20191127 060241
1 3240 20191101 060117
1 3240 20191102 215942
1 3240 20191102 215943
1 3240 20191103 060344
1 3240 20191103 215841
1 3240 20191104 060955
1 3240 20191104 214835
1 3240 20191105 061425
1 3240 20191105 220137
1 3240 20191106 060305
1 3240 20191106 220549
1 3240 20191107 061419
1 3240 20191107 061420
1 3240 20191107 220403
1 3240 20191108 061002
1 3240 20191109 220149
1 3240 20191110 060526
1 3240 20191110 060529
1 3240 20191110 130947
1 3240 20191110 142805
1 3240 20191110 190937
1 3240 20191111 055910
1 3240 20191111 141558
1 3240 20191111 152326
1 3240 20191111 220201
1 3240 20191112 061209
1 3240 20191112 140433
1 3240 20191113 060623
1 3240 20191113 140600
1 3240 20191114 055729
1 3240 20191114 141348
1 3240 20191114 215742
1 3240 20191115 055551
1 3240 20191115 055553
1 3240 20191115 055602
1 3240 20191115 125058
1 3240 20191116 215550
1 3240 20191117 061939
1 3240 20191117 215740
1 3240 20191118 061034
1 3240 20191118 140100
1 3240 20191118 220207
1 3240 20191119 060636
1 3240 20191119 140220
1 3240 20191119 150700
1 3240 20191119 220359
1 3240 20191120 060254
1 3240 20191120 140410
1 3240 20191121 060103
1 3240 20191121 142421
1 3240 20191123 060551
1 3240 20191123 140831
1 3240 20191124 060245
1 3240 20191124 140102
1 3240 20191125 060344
1 3240 20191125 140706
1 3240 20191126 060121
1 3240 20191126 140052
1 3240 20191127 060421
1 3241 20191103 220735
1 3241 20191103 220736
1 3241 20191104 060057
1 3241 20191104 220247
1 3241 20191105 061055
1 3241 20191105 215922
1 3241 20191106 060356
1 3241 20191106 060357
1 3241 20191106 060421
1 3241 20191106 221017
1 3241 20191106 221033
1 3241 20191106 221034
1 3241 20191107 060449
1 3241 20191107 140627
1 3241 20191108 060058
1 3241 20191108 060114
1 3241 20191108 125213
1 3241 20191109 060439
1 3241 20191109 060440
1 3241 20191109 142847
1 3241 20191109 142848
1 3241 20191110 055106
1 3241 20191110 142744
1 3241 20191110 142745
1 3241 20191111 060019
1 3241 20191111 140148
1 3241 20191111 220734
1 3241 20191112 060835
1 3241 20191112 060836
1 3241 20191112 140149
1 3241 20191112 220703
1 3241 20191112 220704
1 3241 20191113 061709
1 3241 20191113 140251
1 3241 20191113 215209
1 3241 20191114 060833
1 3241 20191114 060834
1 3241 20191114 135453
1 3241 20191114 220008
1 3241 20191115 060208
1 3241 20191115 130140
1 3241 20191115 130142
1 3241 20191116 135538
1 3241 20191116 135539
1 3241 20191116 220519
1 3241 20191116 220520
1 3241 20191117 055834
1 3241 20191117 055835
1 3241 20191117 134134
1 3241 20191117 134139
1 3241 20191117 134140
1 3241 20191117 215832
1 3241 20191118 060642
1 3241 20191118 060643
1 3241 20191118 060646
1 3241 20191118 060648
1 3241 20191118 135754
1 3241 20191118 135755
1 3241 20191118 220347
1 3241 20191119 055956
1 3241 20191119 140434
1 3241 20191119 140436
1 3241 20191119 220313
1 3241 20191120 060624
1 3241 20191120 135632
1 3241 20191120 135633
1 3241 20191120 220235
1 3241 20191121 215453
1 3241 20191122 061246
1 3241 20191123 060712
1 3241 20191123 060713
1 3241 20191123 151024
1 3241 20191124 060634
1 3241 20191124 120835
1 3241 20191126 221936
1 3241 20191127 060252
1 3242 20191102 084924
1 3242 20191102 084926
1 3242 20191102 172008
1 3242 20191103 085456
1 3242 20191103 181930
1 3242 20191104 085926
1 3242 20191104 231054
1 3242 20191105 090157
1 3242 20191105 190352
1 3242 20191106 090157
1 3242 20191106 172408
1 3242 20191107 090032
1 3242 20191113 081157
1 3242 20191113 183702
1 3242 20191114 090937
1 3242 20191114 201306
1 3242 20191116 090823
1 3242 20191116 194108
1 3242 20191117 084842
1 3242 20191117 173003
1 3242 20191118 085001
1 3242 20191118 171725
1 3242 20191119 085626
1 3242 20191119 171827
1 3242 20191120 090016
1 3242 20191120 173009
1 3242 20191121 085046
1 3242 20191121 171610
1 3242 20191123 090401
1 3242 20191123 172846
1 3242 20191124 090108
1 3242 20191124 171734
1 3242 20191125 085902
1 3242 20191125 170704
1 3242 20191126 085800
1 3242 20191126 173715
1 3242 20191127 085719
1 3243 20191102 060152
1 3243 20191102 125623
1 3243 20191105 215743
1 3243 20191105 215744
1 3243 20191106 061042
1 3243 20191106 215426
1 3243 20191107 060526
1 3243 20191107 135216
1 3243 20191107 221551
1 3243 20191108 061102
1 3243 20191108 061111
1 3243 20191108 131502
1 3243 20191111 060101
1 3243 20191111 140336
1 3243 20191111 215848
1 3243 20191112 061018
1 3243 20191112 061019
1 3243 20191112 135601
1 3243 20191112 221021
1 3243 20191113 060417
1 3243 20191113 060418
1 3243 20191113 060428
1 3243 20191113 141636
1 3243 20191113 141710
1 3243 20191113 215528
1 3243 20191114 061130
1 3243 20191114 135605
1 3243 20191114 215933
1 3243 20191115 055918
1 3243 20191115 131209
1 3243 20191116 135612
1 3243 20191116 220917
1 3243 20191117 060213
1 3243 20191117 140437
1 3243 20191117 215847
1 3243 20191118 060429
1 3243 20191118 135535
1 3243 20191118 220505
1 3243 20191119 060454
1 3243 20191119 140804
1 3243 20191119 215904
1 3243 20191120 060544
1 3243 20191120 135637
1 3243 20191120 220527
1 3243 20191121 215842
1 3243 20191122 060136
1 3243 20191123 055958
1 3243 20191123 141752
1 3243 20191124 060959
1 3243 20191124 140626
1 3243 20191125 060046
1 3243 20191125 135719
1 3243 20191126 060435
1 3243 20191126 140118
1 3243 20191127 055954
1 3245 20191103 220408
1 3245 20191104 060454
1 3245 20191104 220700
1 3245 20191105 060956
1 3245 20191105 220625
1 3245 20191106 060933
1 3245 20191106 215754
1 3245 20191107 060439
1 3245 20191107 140408
1 3245 20191107 140457
1 3245 20191107 221606
1 3245 20191107 221607
1 3245 20191109 060105
1 3245 20191109 143230
1 3245 20191110 063701
1 3245 20191110 141856
1 3245 20191111 060251
1 3245 20191111 060253
1 3245 20191111 140352
1 3245 20191111 220212
1 3245 20191112 061038
1 3245 20191112 135736
1 3245 20191112 220954
1 3245 20191113 060725
1 3245 20191113 140437
1 3245 20191113 220352
1 3245 20191114 061127
1 3245 20191114 140152
1 3245 20191114 140158
1 3245 20191114 215917
1 3245 20191116 221111
1 3245 20191116 221119
1 3245 20191117 140417
1 3245 20191117 221440
1 3245 20191117 221444
1 3245 20191118 140255
1 3245 20191119 061523
1 3245 20191119 140331
1 3245 20191120 140555
1 3245 20191120 220531
1 3245 20191121 220915
1 3245 20191122 060123
1 3245 20191123 061012
1 3245 20191123 141714
1 3245 20191124 060151
1 3245 20191125 060038
1 3245 20191125 135306
1 3245 20191126 060250
1 3245 20191126 140116
1 3245 20191127 060155
1 3246 20191102 091028
1 3246 20191102 171027
1 3246 20191102 171028
1 3246 20191103 091104
1 3246 20191103 091105
1 3246 20191103 170104
1 3246 20191104 085914
1 3246 20191104 170012
1 3246 20191105 090113
1 3246 20191105 170044
1 3246 20191105 170045
1 3246 20191106 085444
1 3246 20191106 085445
1 3246 20191106 170046
1 3246 20191107 085317
1 3246 20191107 170248
1 3246 20191109 085340
1 3246 20191109 085341
1 3246 20191109 170016
1 3246 20191109 170017
1 3246 20191111 090157
1 3246 20191111 090158
1 3246 20191111 170002
1 3246 20191112 090323
1 3246 20191112 190247
1 3246 20191112 190248
1 3246 20191113 084811
1 3246 20191114 085250
1 3246 20191116 085921
1 3246 20191116 170034
1 3246 20191117 085747
1 3246 20191117 170010
1 3246 20191117 170011
1 3246 20191117 170013
1 3246 20191118 085628
1 3246 20191118 170654
1 3246 20191119 090609
1 3246 20191119 090611
1 3246 20191119 152735
1 3246 20191120 090142
1 3246 20191120 170051
1 3246 20191121 085735
1 3246 20191121 172757
1 3246 20191123 090042
1 3246 20191124 085608
1 3246 20191124 085609
1 3246 20191124 170026
1 3246 20191125 085943
1 3246 20191125 170612
1 3246 20191126 090221
1 3246 20191126 170041
1 3246 20191127 090032
1 3250 20191102 215812
1 3250 20191103 060321
1 3250 20191103 220104
1 3250 20191104 060558
1 3250 20191104 220030
1 3250 20191105 062054
1 3250 20191105 215515
1 3250 20191106 060457
1 3250 20191106 215644
1 3250 20191107 060430
1 3250 20191107 135946
1 3250 20191107 221704
1 3250 20191108 060342
1 3250 20191108 131256
1 3250 20191109 060147
1 3250 20191109 143250
1 3250 20191110 060228
1 3250 20191110 140641
1 3250 20191111 055914
1 3250 20191111 140237
1 3250 20191111 215643
1 3250 20191112 060840
1 3250 20191112 135741
1 3250 20191112 220655
1 3250 20191113 060044
1 3250 20191113 140257
1 3250 20191113 220211
1 3250 20191114 060926
1 3250 20191114 135721
1 3250 20191114 215920
1 3250 20191115 055638
1 3250 20191115 131329
1 3250 20191116 135928
1 3250 20191116 220810
1 3250 20191117 055854
1 3250 20191117 140319
1 3250 20191118 135616
1 3250 20191118 220352
1 3250 20191119 060022
1 3250 20191119 140021
1 3250 20191119 215719
1 3250 20191120 060552
1 3250 20191120 135526
1 3250 20191120 220318
1 3250 20191121 215507
1 3250 20191122 061132
1 3250 20191123 055754
1 3250 20191123 141858
1 3250 20191124 060146
1 3250 20191124 140724
1 3250 20191125 060042
1 3250 20191125 135501
1 3250 20191126 055713
1 3250 20191126 140015
1 3252 20191102 060056
1 3252 20191102 140136
1 3252 20191103 060209
1 3252 20191103 140230
1 3252 20191104 060002
1 3252 20191104 134030
1 3252 20191104 134034
1 3252 20191105 060256
1 3252 20191105 140751
1 3252 20191106 060043
1 3252 20191106 135656
1 3252 20191107 060251
1 3252 20191107 135850
1 3252 20191108 060538
1 3252 20191108 133134
1 3252 20191109 060457
1 3252 20191109 140331
1 3252 20191111 215935
1 3252 20191112 061433
1 3252 20191112 215756
1 3252 20191113 064350
1 3252 20191113 140007
1 3252 20191113 215949
1 3252 20191113 215951
1 3252 20191114 064239
1 3252 20191114 135544
1 3252 20191114 220623
1 3252 20191115 144031
1 3252 20191115 200446
1 3252 20191116 060517
1 3252 20191116 135956
1 3252 20191116 140000
1 3252 20191117 060300
1 3252 20191117 135939
1 3252 20191118 060445
1 3252 20191118 140728
1 3252 20191118 215752
1 3252 20191119 060813
1 3252 20191119 220053
1 3252 20191120 060521
1 3252 20191120 135718
1 3252 20191121 072924
1 3252 20191121 215611
1 3252 20191122 055748
1 3252 20191123 220118
1 3252 20191124 060746
1 3252 20191124 220029
1 3252 20191125 062359
1 3252 20191125 215337
1 3252 20191126 065849
1 3252 20191126 215418
1 3252 20191127 061653
1 3253 20191102 055732
1 3253 20191102 140049
1 3253 20191103 060207
1 3253 20191103 135921
1 3253 20191103 220540
1 3253 20191104 140829
1 3253 20191104 220356
1 3253 20191105 135927
1 3253 20191106 060019
1 3253 20191106 135549
1 3253 20191107 055830
1 3253 20191107 135810
1 3253 20191107 135817
1 3253 20191108 060121
1 3253 20191108 133131
1 3253 20191109 220011
1 3253 20191110 061018
1 3253 20191110 135812
1 3253 20191111 135723
1 3253 20191111 220032
1 3253 20191112 215822
1 3253 20191113 060413
1 3253 20191113 135657
1 3253 20191113 215912
1 3253 20191114 135918
1 3253 20191114 220224
1 3253 20191115 055959
1 3253 20191115 125044
1 3253 20191116 055936
1 3253 20191116 135935
1 3253 20191117 060138
1 3253 20191117 140042
1 3253 20191118 060455
1 3253 20191118 140638
1 3253 20191118 215633
1 3253 20191119 061821
1 3253 20191119 135645
1 3253 20191119 220100
1 3253 20191120 060219
1 3253 20191120 140045
1 3253 20191120 215722
1 3253 20191120 215730
1 3253 20191121 055709
1 3253 20191121 215957
1 3253 20191122 062900
1 3253 20191123 215936
1 3253 20191124 060133
1 3253 20191124 215904
1 3253 20191125 060008
1 3253 20191125 215859
1 3253 20191126 061431
1 3253 20191126 215506
1 3253 20191127 060346
1 3254 20191101 124139
1 3254 20191102 060118
1 3254 20191102 140221
1 3254 20191102 215554
1 3254 20191103 140600
1 3254 20191104 060040
1 3254 20191104 140650
1 3254 20191105 060252
1 3254 20191105 140811
1 3254 20191106 060152
1 3254 20191106 141124
1 3254 20191107 060321
1 3254 20191107 140937
1 3254 20191108 060420
1 3254 20191108 130017
1 3254 20191109 215540
1 3254 20191110 061215
1 3254 20191110 061220
1 3254 20191110 131401
1 3254 20191111 061524
1 3254 20191111 141020
1 3254 20191111 141023
1 3254 20191111 220017
1 3254 20191112 220220
1 3254 20191113 060308
1 3254 20191113 140135
1 3254 20191113 215656
1 3254 20191114 135921
1 3254 20191114 220043
1 3254 20191115 060441
1 3254 20191115 075542
1 3254 20191115 125026
1 3254 20191116 061044
1 3254 20191116 140631
1 3254 20191117 060446
1 3254 20191117 135904
1 3254 20191118 060609
1 3254 20191118 150523
1 3254 20191118 150531
1 3254 20191118 215815
1 3254 20191119 060524
1 3256 20191102 215710
1 3256 20191103 060234
1 3256 20191103 060307
1 3256 20191103 215721
1 3256 20191104 060709
1 3256 20191104 220254
1 3256 20191105 062045
1 3256 20191105 062113
1 3256 20191105 215740
1 3256 20191106 061016
1 3256 20191106 215418
1 3256 20191107 060424
1 3256 20191107 135831
1 3256 20191107 221333
1 3256 20191108 061835
1 3256 20191108 131528
1 3256 20191109 061305
1 3256 20191109 143224
1 3256 20191110 060429
1 3256 20191110 141627
1 3256 20191111 060530
1 3256 20191111 140346
1 3256 20191111 215843
1 3256 20191112 061046
1 3256 20191112 135558
1 3256 20191112 221048
1 3256 20191113 061118
1 3256 20191113 141647
1 3256 20191113 220157
1 3256 20191114 061319
1 3256 20191114 140206
1 3256 20191114 215924
1 3256 20191115 060437
1 3256 20191115 131342
1 3256 20191116 135636
1 3256 20191116 220956
1 3256 20191117 061607
1 3256 20191117 140419
1 3256 20191117 215951
1 3256 20191118 060420
1 3256 20191118 135646
1 3256 20191118 220428
1 3256 20191119 060849
1 3256 20191119 140639
1 3256 20191119 215907
1 3256 20191120 060614
1 3256 20191120 140131
1 3256 20191120 220537
1 3256 20191121 215511
1 3256 20191122 060226
1 3256 20191123 060903
1 3256 20191123 141700
1 3256 20191124 060117
1 3256 20191124 140635
1 3256 20191125 060255
1 3256 20191125 135456
1 3256 20191126 060617
1 3256 20191126 140132
1 3256 20191127 060358
1 3257 20191102 140229
1 3257 20191102 140640
1 3257 20191103 060004
1 3257 20191103 060005
1 3257 20191103 140106
1 3257 20191103 140107
1 3257 20191104 060141
1 3257 20191104 142738
1 3257 20191105 060111
1 3257 20191105 140408
1 3257 20191106 060223
1 3257 20191106 135709
1 3257 20191107 055836
1 3257 20191107 141248
1 3257 20191107 220234
1 3257 20191108 061358
1 3257 20191109 215510
1 3257 20191110 060816
1 3257 20191110 135939
1 3257 20191110 215003
1 3257 20191111 135904
1 3257 20191111 220007
1 3257 20191112 055944
1 3257 20191112 140130
1 3257 20191112 140131
1 3257 20191112 215926
1 3257 20191113 060422
1 3257 20191113 060423
1 3257 20191113 135931
1 3257 20191113 215538
1 3257 20191114 060043
1 3257 20191114 140358
1 3257 20191114 140400
1 3257 20191114 215854
1 3257 20191115 060524
1 3257 20191115 142253
1 3257 20191115 215526
1 3257 20191115 215527
1 3257 20191116 060054
1 3257 20191116 060055
1 3257 20191116 140823
1 3257 20191117 140108
1 3257 20191117 220805
1 3257 20191117 220807
1 3257 20191118 060422
1 3257 20191118 140625
1 3257 20191118 220554
1 3257 20191119 061532
1 3257 20191119 135804
1 3257 20191119 220724
1 3257 20191120 060321
1 3257 20191120 140338
1 3257 20191121 060139
1 3257 20191121 131627
1 3257 20191126 220145
1 3257 20191127 060218
1 3257 20191127 060223
1 3258 20191102 215545
1 3258 20191103 060145
1 3258 20191103 135941
1 3258 20191104 060652
1 3258 20191104 140847
1 3258 20191105 061643
1 3258 20191105 140118
1 3258 20191105 140121
1 3258 20191106 060805
1 3258 20191106 135407
1 3258 20191107 060600
1 3258 20191107 060601
1 3258 20191107 133447
1 3258 20191109 215235
1 3258 20191110 060536
1 3258 20191110 135530
1 3258 20191110 214254
1 3258 20191111 135859
1 3258 20191111 215810
1 3258 20191112 061532
1 3258 20191112 140126
1 3258 20191112 220119
1 3258 20191113 060439
1 3258 20191113 135953
1 3258 20191113 215519
1 3258 20191114 060452
1 3258 20191114 140653
1 3258 20191114 221034
1 3258 20191115 061054
1 3258 20191115 061055
1 3258 20191115 143433
1 3258 20191115 215115
1 3258 20191116 060855
1 3258 20191116 141547
1 3258 20191116 215939
1 3258 20191117 060345
1 3258 20191117 140104
1 3258 20191117 215318
1 3258 20191118 061050
1 3258 20191118 140453
1 3258 20191118 215759
1 3258 20191119 062138
1 3258 20191119 135934
1 3258 20191119 220953
1 3258 20191120 060950
1 3258 20191120 140039
1 3258 20191121 060830
1 3258 20191121 140513
1 3258 20191123 220234
1 3258 20191124 060109
1 3258 20191124 220027
1 3258 20191125 135410
1 3258 20191126 060803
1 3258 20191126 131659
1 3259 20191102 140225
1 3259 20191102 140227
1 3259 20191103 060639
1 3259 20191103 060640
1 3259 20191103 140418
1 3259 20191103 140419
1 3259 20191104 060349
1 3259 20191104 060350
1 3259 20191104 141153
1 3259 20191104 141154
1 3259 20191105 060434
1 3259 20191105 060435
1 3259 20191105 140359
1 3259 20191106 060158
1 3259 20191106 060200
1 3259 20191106 141256
1 3259 20191106 141258
1 3259 20191107 055955
1 3259 20191107 055956
1 3259 20191107 220212
1 3259 20191107 220214
1 3259 20191108 060846
1 3259 20191109 220455
1 3259 20191110 061110
1 3259 20191110 140053
1 3259 20191110 220725
1 3259 20191111 135956
1 3259 20191111 140006
1 3259 20191111 220620
1 3259 20191112 060147
1 3259 20191112 140136
1 3259 20191112 220023
1 3259 20191113 061222
1 3259 20191113 140131
1 3259 20191113 221731
1 3259 20191114 060051
1 3259 20191114 140244
1 3259 20191114 220316
1 3259 20191115 061122
1 3259 20191115 141628
1 3259 20191115 215352
1 3259 20191116 060357
1 3259 20191116 142709
1 3259 20191116 220651
1 3259 20191117 060337
1 3259 20191117 140556
1 3259 20191117 220801
1 3259 20191118 140336
1 3259 20191118 221315
1 3259 20191118 221628
1 3259 20191119 061052
1 3259 20191119 140342
1 3259 20191119 222542
1 3259 20191120 060305
1 3259 20191120 141647
1 3259 20191121 060224
1 3259 20191121 141417
1 3259 20191123 220240
1 3259 20191124 061050
1 3259 20191124 061051
1 3259 20191124 220404
1 3259 20191125 061051
1 3259 20191125 220400
1 3259 20191126 055949
1 3259 20191126 220323
1 3259 20191127 060234
1 3260 20191102 215238
1 3260 20191102 215239
1 3260 20191102 215258
1 3260 20191102 215259
1 3260 20191102 215300
1 3260 20191103 060514
1 3260 20191103 060515
1 3260 20191103 215517
1 3260 20191103 215518
1 3260 20191103 215535
1 3260 20191103 215536
1 3260 20191104 060536
1 3260 20191104 135634
1 3260 20191104 135635
1 3260 20191104 220155
1 3260 20191105 055856
1 3260 20191105 222929
1 3260 20191106 060944
1 3260 20191106 061005
1 3260 20191106 135249
1 3260 20191106 220019
1 3260 20191106 220020
1 3260 20191107 055552
1 3260 20191107 055554
1 3260 20191107 055555
1 3260 20191107 055608
1 3260 20191107 135929
1 3260 20191107 135930
1 3260 20191107 215329
1 3260 20191107 215330
1 3260 20191108 061454
1 3260 20191108 061455
1 3260 20191109 214601
1 3260 20191109 214602
1 3260 20191110 130214
1 3260 20191110 140906
1 3260 20191110 220757
1 3260 20191111 060012
1 3260 20191111 060027
1 3260 20191111 060028
1 3260 20191111 140022
1 3260 20191112 060110
1 3260 20191112 140059
1 3260 20191112 140137
1 3260 20191113 055716
1 3260 20191113 140552
1 3260 20191113 215438
1 3260 20191114 060026
1 3260 20191114 060027
1 3260 20191114 135711
1 3260 20191114 135712
1 3260 20191114 220013
1 3260 20191114 220014
1 3260 20191114 220016
1 3260 20191115 060007
1 3260 20191115 114818
1 3260 20191116 215442
1 3260 20191117 060324
1 3260 20191117 215808
1 3260 20191117 215809
1 3260 20191117 215822
1 3260 20191118 073517
1 3260 20191118 073525
1 3260 20191118 073534
1 3260 20191118 073543
1 3260 20191118 073546
1 3260 20191118 140256
1 3260 20191119 055850
1 3260 20191119 140223
1 3260 20191119 140318
1 3260 20191119 215733
1 3260 20191119 215809
1 3260 20191120 060010
1 3260 20191120 135447
1 3260 20191120 220050
1 3260 20191121 060002
1 3260 20191121 140055
1 3260 20191121 140057
1 3260 20191123 215622
1 3260 20191124 082046
1 3260 20191124 082047
1 3260 20191124 082050
1 3260 20191124 082052
1 3260 20191124 140727
1 3260 20191124 140728
1 3260 20191124 215533
1 3260 20191125 060818
1 3260 20191125 135750
1 3260 20191125 215927
1 3260 20191125 215928
1 3260 20191126 055826
1 3260 20191126 135942
1 3260 20191126 135943
1 3261 20191102 180130
1 3261 20191102 180132
1 3261 20191103 055913
1 3261 20191103 055914
1 3261 20191103 140044
1 3261 20191103 140046
1 3261 20191104 134536
1 3261 20191104 134537
1 3261 20191104 134538
1 3261 20191104 134539
1 3261 20191104 220536
1 3261 20191104 220538
1 3261 20191105 055918
1 3261 20191105 055919
1 3261 20191105 140141
1 3261 20191105 140142
1 3261 20191105 215931
1 3261 20191105 215932
1 3261 20191106 060544
1 3261 20191106 060545
1 3261 20191106 135447
1 3261 20191106 135449
1 3261 20191106 135450
1 3261 20191106 220031
1 3261 20191107 055628
1 3261 20191107 055629
1 3261 20191107 135911
1 3261 20191107 135913
1 3261 20191107 215353
1 3261 20191107 215354
1 3261 20191108 060007
1 3261 20191109 215225
1 3261 20191109 215226
1 3261 20191110 060159
1 3261 20191110 060201
1 3261 20191110 135542
1 3261 20191110 135544
1 3261 20191110 220720
1 3261 20191110 220721
1 3261 20191111 055632
1 3261 20191111 055633
1 3261 20191111 140018
1 3261 20191111 140019
1 3261 20191111 140049
1 3261 20191111 140050
1 3261 20191112 055922
1 3261 20191112 055923
1 3261 20191112 140111
1 3261 20191112 140112
1 3261 20191113 055831
1 3261 20191113 055832
1 3261 20191113 140537
1 3261 20191113 140545
1 3261 20191114 055249
1 3261 20191114 055250
1 3261 20191114 195737
1 3261 20191114 195738
1 3261 20191118 215259
1 3261 20191118 215300
1 3261 20191119 060509
1 3261 20191119 060510
1 3261 20191119 135524
1 3261 20191119 135526
1 3261 20191120 055958
1 3261 20191120 135542
1 3261 20191120 135543
1 3261 20191120 215942
1 3261 20191120 215943
1 3261 20191121 055125
1 3261 20191121 055126
1 3261 20191121 140042
1 3261 20191121 140043
1 3261 20191123 055649
1 3261 20191123 055650
1 3261 20191123 140003
1 3261 20191123 140004
1 3261 20191124 055439
1 3261 20191124 140655
1 3261 20191124 140656
1 3261 20191124 215525
1 3261 20191124 215526
1 3261 20191125 060540
1 3261 20191125 135728
1 3261 20191125 135729
1 3261 20191125 215912
1 3261 20191126 055651
1 3261 20191126 135928
1 3261 20191126 135929
1 3262 20191102 060324
1 3262 20191102 141339
1 3262 20191103 060200
1 3262 20191103 140401
1 3262 20191104 060048
1 3262 20191104 140134
1 3262 20191105 060644
1 3262 20191105 135343
1 3262 20191105 221109
1 3262 20191105 221110
1 3262 20191106 060014
1 3262 20191106 140341
1 3262 20191106 220404
1 3262 20191107 060402
1 3262 20191107 135154
1 3262 20191107 220229
1 3262 20191107 220230
1 3262 20191109 060222
1 3262 20191109 140123
1 3262 20191110 055632
1 3262 20191110 140047
1 3262 20191111 215230
1 3262 20191111 215231
1 3262 20191112 060516
1 3262 20191112 215815
1 3262 20191112 215817
1 3262 20191113 060643
1 3262 20191113 135346
1 3262 20191113 215853
1 3262 20191113 215855
1 3262 20191114 055952
1 3262 20191114 140306
1 3262 20191114 215733
1 3262 20191114 215735
1 3262 20191115 134504
1 3262 20191115 200519
1 3262 20191115 200520
1 3262 20191116 060038
1 3262 20191116 140011
1 3262 20191117 060142
1 3262 20191117 140047
1 3262 20191118 055747
1 3262 20191118 140327
1 3262 20191118 153814
1 3262 20191119 060434
1 3262 20191119 135159
1 3262 20191119 215642
1 3262 20191119 215643
1 3262 20191120 055645
1 3262 20191120 140042
1 3262 20191121 215459
1 3262 20191122 055458
1 3262 20191123 220007
1 3262 20191124 055941
1 3262 20191124 135633
1 3262 20191124 135634
1 3262 20191124 215950
1 3262 20191125 060141
1 3262 20191125 140336
1 3262 20191125 215845
1 3262 20191125 215846
1 3262 20191126 060212
1 3262 20191126 135659
1 3262 20191126 220107
1 3262 20191127 055930
1 3263 20191102 135944
1 3263 20191102 220406
1 3263 20191102 220407
1 3263 20191103 135948
1 3263 20191103 220002
1 3263 20191104 135655
1 3263 20191104 231641
1 3263 20191105 142023
1 3263 20191105 220235
1 3263 20191105 220237
1 3263 20191106 135853
1 3263 20191106 220036
1 3263 20191107 135935
1 3263 20191107 220715
1 3263 20191109 060532
1 3263 20191109 142745
1 3263 20191111 135533
1 3263 20191111 220650
1 3263 20191112 135606
1 3263 20191112 220311
1 3263 20191112 220312
1 3263 20191113 140614
1 3263 20191113 221140
1 3263 20191114 131741
1 3263 20191114 220420
1 3263 20191115 060358
1 3263 20191115 125041
1 3263 20191115 141740
1 3263 20191115 205851
1 3263 20191116 075900
1 3263 20191116 220109
1 3263 20191117 055847
1 3263 20191117 220001
1 3263 20191118 060005
1 3263 20191118 220009
1 3263 20191119 060001
1 3263 20191119 140122
1 3263 20191120 135603
1 3263 20191120 220159
1 3263 20191121 135913
1 3263 20191121 220156
1 3263 20191123 140042
1 3263 20191123 220017
1 3263 20191124 135652
1 3263 20191124 135653
1 3263 20191124 220017
1 3263 20191125 135654
1 3263 20191125 221205
1 3263 20191126 135807
1 3263 20191126 220103
1 3264 20191101 060306
1 3264 20191101 124005
1 3264 20191102 135715
1 3264 20191102 220210
1 3264 20191102 220211
1 3264 20191103 060133
1 3264 20191103 140405
1 3264 20191104 135651
1 3264 20191104 220508
1 3264 20191105 055843
1 3264 20191105 140207
1 3264 20191106 135900
1 3264 20191106 220013
1 3264 20191107 055549
1 3264 20191107 140122
1 3264 20191109 135237
1 3264 20191109 215741
1 3264 20191111 060023
1 3264 20191111 140052
1 3264 20191112 140002
1 3264 20191112 215934
1 3264 20191113 055634
1 3264 20191113 140219
1 3264 20191114 135011
1 3264 20191114 215953
1 3264 20191115 055744
1 3264 20191115 125028
1 3264 20191116 135143
1 3264 20191116 220049
1 3264 20191117 055844
1 3264 20191117 140130
1 3264 20191118 135455
1 3264 20191118 215830
1 3264 20191119 060014
1 3264 20191119 135830
1 3264 20191120 140000
1 3264 20191120 220017
1 3264 20191121 055937
1 3264 20191121 140418
1 3264 20191123 060211
1 3264 20191123 140057
1 3264 20191124 135628
1 3264 20191124 215934
1 3264 20191125 060139
1 3264 20191125 135924
1 3264 20191126 135653
1 3264 20191126 220109
1 3264 20191127 055628
1 3265 20191101 060455
1 3265 20191101 060456
1 3265 20191101 124200
1 3265 20191102 215618
1 3265 20191103 060438
1 3265 20191103 214739
1 3265 20191103 214740
1 3265 20191103 214741
1 3265 20191103 214859
1 3265 20191104 060725
1 3265 20191104 214659
1 3265 20191105 061330
1 3265 20191105 220152
1 3265 20191106 060706
1 3265 20191106 215445
1 3265 20191106 215446
1 3265 20191107 064451
1 3265 20191107 215424
1 3265 20191107 215426
1 3265 20191107 215427
1 3265 20191107 215428
1 3265 20191109 215258
1 3265 20191110 061248
1 3265 20191110 061249
1 3265 20191110 135601
1 3265 20191110 220022
1 3265 20191110 220023
1 3265 20191111 060128
1 3265 20191111 060129
1 3265 20191111 140212
1 3265 20191111 140213
1 3265 20191111 214905
1 3265 20191112 060822
1 3265 20191112 060824
1 3265 20191112 220820
1 3265 20191113 055854
1 3265 20191113 140728
1 3265 20191113 140730
1 3265 20191113 215240
1 3265 20191114 061311
1 3265 20191114 061312
1 3265 20191114 135446
1 3265 20191114 221327
1 3265 20191115 055722
1 3265 20191115 131448
1 3265 20191116 135607
1 3265 20191116 135608
1 3265 20191116 220623
1 3265 20191117 055906
1 3265 20191117 141221
1 3265 20191117 141226
1 3265 20191117 215643
1 3265 20191118 060719
1 3265 20191118 215532
1 3265 20191119 060841
1 3265 20191119 135555
1 3265 20191119 220634
1 3265 20191120 055502
1 3265 20191120 055515
1 3265 20191120 140423
1 3265 20191120 140425
1 3265 20191120 215932
1 3265 20191120 215933
1 3265 20191121 061652
1 3265 20191121 135941
1 3265 20191121 215752
1 3265 20191122 055802
1 3265 20191123 055731
1 3265 20191123 055732
1 3265 20191123 142611
1 3265 20191124 055541
1 3265 20191124 141332
1 3265 20191124 141333
1 3265 20191125 055936
1 3265 20191125 144322
1 3265 20191126 060014
1 3265 20191126 142406
1 3265 20191126 142407
1 3265 20191126 142410
1 3265 20191127 055948
1 3266 20191102 152405
1 3266 20191102 152406
1 3266 20191102 152413
1 3266 20191102 152414
1 3266 20191103 074807
1 3266 20191103 074808
1 3266 20191103 074817
1 3266 20191103 074818
1 3266 20191103 190053
1 3266 20191103 190054
1 3266 20191103 190101
1 3266 20191103 190103
1 3266 20191104 060140
1 3266 20191104 143030
1 3266 20191104 143038
1 3266 20191104 143040
1 3266 20191105 055927
1 3266 20191105 055928
1 3266 20191105 055937
1 3266 20191105 142205
1 3266 20191105 142206
1 3266 20191105 142212
1 3266 20191105 142214
1 3266 20191106 060439
1 3266 20191106 060441
1 3266 20191107 075717
1 3266 20191107 075719
1 3266 20191107 075723
1 3266 20191107 222225
1 3266 20191107 222227
1 3266 20191107 222233
1 3266 20191107 222235
1 3266 20191108 060620
1 3266 20191108 060621
1 3266 20191108 060634
1 3266 20191108 130200
1 3266 20191108 130201
1 3266 20191109 060420
1 3266 20191109 060421
1 3266 20191109 060429
1 3266 20191109 060430
1 3266 20191109 145804
1 3266 20191109 145812
1 3266 20191110 060307
1 3266 20191110 060308
1 3266 20191110 060316
1 3266 20191110 060317
1 3266 20191110 143924
1 3266 20191110 143926
1 3266 20191110 143929
1 3266 20191111 135226
1 3266 20191111 135227
1 3266 20191111 135235
1 3266 20191111 220406
1 3266 20191111 220408
1 3266 20191111 220409
1 3266 20191112 060129
1 3266 20191112 060130
1 3266 20191112 141426
1 3266 20191112 141427
1 3266 20191112 141429
1 3266 20191112 141430
1 3266 20191112 215550
1 3266 20191112 215551
1 3266 20191112 215553
1 3266 20191112 215554
1 3266 20191113 061557
1 3266 20191113 061558
1 3266 20191113 061559
1 3266 20191115 061104
1 3266 20191115 061105
1 3266 20191115 061106
1 3266 20191115 061107
1 3266 20191115 061109
1 3266 20191115 061110
1 3266 20191115 142917
1 3266 20191115 142918
1 3266 20191115 215106
1 3266 20191116 055929
1 3266 20191116 055931
1 3266 20191116 055932
1 3266 20191116 141338
1 3266 20191116 141349
1 3266 20191116 141350
1 3266 20191116 215454
1 3266 20191116 215455
1 3266 20191116 215456
1 3266 20191116 215458
1 3266 20191117 060948
1 3266 20191117 135727
1 3266 20191117 221602
1 3266 20191117 221603
1 3266 20191118 060310
1 3266 20191118 060312
1 3266 20191118 220805
1 3266 20191118 220806
1 3266 20191118 220807
1 3266 20191119 055846
1 3266 20191119 055847
1 3266 20191119 141610
1 3266 20191119 141611
1 3266 20191120 060239
1 3266 20191120 060240
1 3266 20191120 135504
1 3266 20191120 220844
1 3266 20191120 220845
1 3266 20191120 220847
1 3266 20191121 075600
1 3266 20191121 075602
1 3266 20191121 191906
1 3266 20191121 191907
1 3266 20191121 191909
1 3266 20191121 191910
1 3266 20191122 060355
1 3266 20191122 060356
1 3266 20191122 060357
1 3266 20191122 060359
1 3266 20191122 125202
1 3266 20191122 125207
1 3266 20191123 215614
1 3266 20191123 215615
1 3266 20191123 215616
1 3266 20191123 215618
1 3266 20191124 060548
1 3266 20191124 060549
1 3266 20191124 060550
1 3266 20191124 215541
1 3266 20191124 215542
1 3266 20191125 060827
1 3266 20191125 060828
1 3266 20191125 060829
1 3266 20191125 215437
1 3266 20191125 215438
1 3266 20191125 215440
1 3266 20191126 060524
1 3266 20191126 060525
1 3266 20191126 060526
1 3266 20191126 060528
1 3266 20191126 060529
1 3266 20191126 060530
1 3266 20191126 060531
1 3266 20191126 060533
1 3266 20191126 215405
1 3266 20191126 215407
1 3266 20191126 215408
1 3266 20191127 060512
1 3266 20191127 060513
1 3266 20191127 060514
1 3267 20191102 055739
1 3267 20191102 140234
1 3267 20191103 060359
1 3267 20191103 140028
1 3267 20191103 140033
1 3267 20191104 055958
1 3267 20191104 140030
1 3267 20191105 060134
1 3267 20191105 135950
1 3267 20191106 055757
1 3267 20191106 140001
1 3267 20191107 055741
1 3267 20191107 135902
1 3267 20191107 135903
1 3267 20191108 060038
1 3267 20191108 125048
1 3267 20191109 135431
1 3267 20191109 215712
1 3267 20191111 084047
1 3267 20191111 195959
1 3267 20191111 200000
1 3267 20191112 135435
1 3267 20191112 220830
1 3267 20191112 220831
1 3267 20191113 135502
1 3267 20191113 135503
1 3267 20191113 215708
1 3267 20191114 135614
1 3267 20191114 215949
1 3267 20191114 215950
1 3267 20191115 055624
1 3267 20191115 215131
1 3267 20191116 060046
1 3267 20191116 210313
1 3267 20191117 055840
1 3267 20191117 205914
1 3267 20191118 060300
1 3267 20191118 140110
1 3267 20191119 060206
1 3267 20191119 215745
1 3267 20191120 060228
1 3267 20191120 140025
1 3267 20191121 060106
1 3267 20191121 140032
1 3267 20191122 060347
1 3267 20191122 125259
1 3267 20191123 135520
1 3267 20191123 215821
1 3267 20191124 135927
1 3267 20191124 215921
1 3267 20191124 215922
1 3267 20191125 135532
1 3267 20191125 215924
1 3267 20191126 135552
1 3267 20191126 220123
1 3268 20191102 060316
1 3268 20191102 140856
1 3268 20191103 060122
1 3268 20191103 060123
1 3268 20191103 140425
1 3268 20191104 055947
1 3268 20191104 055951
1 3268 20191104 140204
1 3268 20191105 060109
1 3268 20191105 140413
1 3268 20191105 140414
1 3268 20191106 060234
1 3268 20191106 140017
1 3268 20191107 135643
1 3268 20191107 220708
1 3268 20191108 060415
1 3268 20191108 125104
1 3268 20191109 135809
1 3268 20191109 215614
1 3268 20191109 215737
1 3268 20191111 135620
1 3268 20191111 220224
1 3268 20191112 135549
1 3268 20191113 061446
1 3268 20191113 135903
1 3268 20191113 215926
1 3268 20191114 135521
1 3268 20191114 220212
1 3268 20191115 060219
1 3268 20191115 125105
1 3268 20191115 142711
1 3268 20191115 215135
1 3268 20191116 060552
1 3268 20191116 220628
1 3268 20191117 060316
1 3268 20191117 220010
1 3268 20191117 220056
1 3268 20191118 060617
1 3268 20191118 060618
1 3268 20191118 220148
1 3268 20191119 060534
1 3268 20191119 220049
1 3268 20191120 060401
1 3268 20191120 140903
1 3268 20191121 060409
1 3268 20191121 140423
1 3268 20191122 060404
1 3268 20191122 060405
1 3268 20191122 060406
1 3268 20191122 125512
1 3268 20191122 125513
1 3268 20191123 140048
1 3268 20191123 215733
1 3268 20191123 215735
1 3268 20191124 135744
1 3268 20191124 135749
1 3268 20191124 215939
1 3268 20191124 220005
1 3268 20191125 135859
1 3268 20191125 220011
1 3268 20191125 220013
1 3268 20191126 135513
1 3268 20191126 135514
1 3268 20191126 220055
1 3268 20191126 220057
1 3269 20191102 060145
1 3269 20191102 140747
1 3269 20191103 060205
1 3269 20191103 140241
1 3269 20191104 060101
1 3269 20191104 140022
1 3269 20191105 060408
1 3269 20191105 140241
1 3269 20191106 060412
1 3269 20191106 140008
1 3269 20191107 055833
1 3269 20191107 140126
1 3269 20191109 055811
1 3269 20191109 141117
1 3269 20191111 135632
1 3269 20191111 220207
1 3269 20191112 135635
1 3269 20191112 220950
1 3269 20191113 135907
1 3269 20191113 215917
1 3269 20191114 135459
1 3269 20191114 215908
1 3269 20191115 143122
1 3269 20191115 143416
1 3269 20191116 055914
1 3269 20191116 195925
1 3269 20191117 060032
1 3269 20191117 220017
1 3269 20191118 063522
1 3269 20191118 143235
1 3269 20191123 135507
1 3269 20191123 215828
1 3269 20191124 135543
1 3269 20191124 220020
1 3269 20191125 135606
1 3269 20191125 220020
1 3269 20191126 135558
1 3269 20191126 220017
1 3269 20191126 220039
1 3269 20191126 220040
1 3270 20191101 073622
1 3270 20191101 125832
1 3270 20191101 125833
1 3270 20191102 084443
1 3270 20191103 084128
1 3270 20191103 174707
1 3270 20191104 084815
1 3270 20191104 195510
1 3270 20191105 084618
1 3270 20191105 084619
1 3270 20191105 172549
1 3270 20191106 085743
1 3270 20191106 171618
1 3270 20191107 085327
1 3270 20191109 084419
1 3270 20191109 202329
1 3270 20191111 085438
1 3270 20191111 175956
1 3270 20191112 085100
1 3270 20191112 181218
1 3270 20191112 181228
1 3270 20191113 084802
1 3270 20191113 164348
1 3270 20191114 083656
1 3270 20191114 083703
1 3270 20191114 210743
1 3270 20191115 071518
1 3270 20191115 171335
1 3270 20191116 084434
1 3270 20191117 083220
1 3270 20191117 190853
1 3270 20191118 082454
1 3270 20191118 185559
1 3270 20191119 084303
1 3270 20191119 171832
1 3270 20191120 090028
1 3270 20191121 084439
1 3270 20191121 175122
1 3270 20191125 082428
1 3270 20191125 183959
1 3270 20191126 085808
1 3270 20191126 171315
1 3270 20191127 085058
1 3271 20191101 073420
1 3271 20191101 125633
1 3271 20191102 073758
1 3271 20191103 005723
1 3271 20191103 073618
1 3271 20191103 205958
1 3271 20191104 074102
1 3271 20191105 003334
1 3271 20191105 074632
1 3271 20191105 224717
1 3271 20191106 075319
1 3271 20191106 175450
1 3271 20191107 075420
1 3271 20191107 191207
1 3271 20191109 074356
1 3271 20191110 000741
1 3271 20191111 074618
1 3271 20191111 205929
1 3271 20191112 074159
1 3271 20191112 233001
1 3271 20191113 002523
1 3271 20191113 013108
1 3271 20191113 073910
1 3271 20191113 234931
1 3271 20191114 073958
1 3271 20191114 220155
1 3271 20191114 232524
1 3271 20191114 235451
1 3271 20191115 080406
1 3271 20191115 125839
1 3271 20191115 175107
1 3271 20191115 205913
1 3271 20191116 073707
1 3271 20191116 210209
1 3271 20191117 074445
1 3271 20191117 233038
1 3271 20191118 074059
1 3271 20191118 212438
1 3271 20191119 074035
1 3271 20191119 232349
1 3271 20191120 074248
1 3271 20191120 233033
1 3271 20191121 074548
1 3271 20191121 225243
1 3271 20191121 225248
1 3271 20191122 072544
1 3271 20191122 205008
1 3271 20191123 075043
1 3271 20191123 211035
1 3271 20191123 211036
1 3271 20191123 213349
1 3271 20191123 222955
1 3271 20191123 222956
1 3271 20191124 074009
1 3271 20191124 200015
1 3271 20191125 073315
1 3271 20191126 005941
1 3271 20191126 075549
1 3271 20191126 190823
1 3271 20191127 074151
1 3271 20191127 074207
1 3271 20191127 074208
1 3274 20191102 075920
1 3274 20191102 170115
1 3274 20191103 080033
1 3274 20191103 162926
1 3274 20191104 080058
1 3274 20191104 231539
1 3274 20191105 080115
1 3274 20191105 170137
1 3274 20191106 080215
1 3274 20191106 171149
1 3274 20191107 075904
1 3274 20191107 173024
1 3274 20191111 080113
1 3274 20191111 170142
1 3274 20191112 075959
1 3274 20191112 170120
1 3274 20191113 080045
1 3274 20191113 170633
1 3274 20191114 075955
1 3274 20191114 201253
1 3274 20191116 080150
1 3274 20191116 170118
1 3274 20191117 080129
1 3274 20191117 170904
1 3274 20191118 080226
1 3274 20191118 170154
1 3274 20191119 075844
1 3274 20191119 170642
1 3274 20191120 080017
1 3274 20191120 173114
1 3274 20191121 080325
1 3274 20191121 171336
1 3274 20191125 080130
1 3274 20191125 170125
1 3274 20191126 080039
1 3274 20191126 170556
1 3274 20191127 080414
1 3275 20191101 060132
1 3275 20191101 060134
1 3275 20191102 060438
1 3275 20191103 070646
1 3275 20191104 055656
1 3275 20191104 055720
1 3275 20191105 055025
1 3275 20191106 060515
1 3275 20191106 060517
1 3275 20191107 060658
1 3275 20191108 071221
1 3275 20191109 060646
1 3275 20191110 072014
1 3275 20191110 072015
1 3275 20191111 070721
1 3275 20191112 054745
1 3275 20191113 055727
1 3275 20191114 055936
1 3275 20191115 060834
1 3275 20191116 060747
1 3275 20191117 055935
1 3275 20191117 055950
1 3275 20191118 062812
1 3275 20191119 060445
1 3275 20191119 060446
1 3275 20191120 070317
1 3275 20191121 063430
1 3275 20191122 061754
1 3275 20191123 060934
1 3275 20191124 064257
1 3275 20191124 064258
1 3275 20191125 061427
1 3275 20191126 071715
1 3275 20191127 074142
1 3276 20191101 174758
1 3276 20191103 175004
1 3276 20191103 175005
1 3276 20191104 174911
1 3276 20191104 174912
1 3276 20191105 175105
1 3276 20191106 174258
1 3276 20191108 174418
1 3276 20191109 174912
1 3276 20191109 174913
1 3276 20191110 174603
1 3276 20191110 174605
1 3276 20191111 175426
1 3276 20191111 175427
1 3276 20191112 174348
1 3276 20191113 174218
1 3276 20191114 080403
1 3276 20191114 174110
1 3276 20191115 174740
1 3276 20191116 175354
1 3276 20191117 174109
1 3276 20191118 174733
1 3276 20191119 175334
1 3276 20191120 174656
1 3276 20191121 174129
1 3276 20191121 174130
1 3276 20191122 174850
1 3276 20191123 180158
1 3276 20191123 180159
1 3276 20191124 173955
1 3276 20191125 175451
1 3276 20191125 175453
1 3276 20191126 175431
1 3276 20191126 175432
1 3277 20191101 080249
1 3277 20191101 130052
1 3277 20191102 080133
1 3277 20191102 080134
1 3277 20191102 170055
1 3277 20191102 170057
1 3277 20191103 080336
1 3277 20191103 170046
1 3277 20191104 075514
1 3277 20191104 231238
1 3277 20191105 080710
1 3277 20191105 170022
1 3277 20191106 075905
1 3277 20191106 170029
1 3277 20191107 080026
1 3277 20191107 170042
1 3277 20191108 075659
1 3277 20191108 075701
1 3277 20191108 130203
1 3277 20191109 075917
1 3277 20191109 170052
1 3277 20191110 075947
1 3277 20191110 130014
1 3277 20191111 080300
1 3277 20191111 170054
1 3277 20191112 080008
1 3277 20191112 170007
1 3277 20191113 080114
1 3277 20191113 170006
1 3277 20191114 080121
1 3277 20191114 170045
1 3277 20191114 170100
1 3277 20191115 075918
1 3277 20191115 130017
1 3277 20191116 075920
1 3277 20191116 170009
1 3277 20191116 170010
1 3277 20191117 080406
1 3277 20191117 170024
1 3277 20191118 080411
1 3277 20191118 080413
1 3277 20191118 170052
1 3277 20191119 080247
1 3277 20191119 170041
1 3277 20191120 080201
1 3277 20191120 170034
1 3277 20191121 080536
1 3277 20191121 170022
1 3277 20191122 080422
1 3277 20191122 130836
1 3277 20191123 080725
1 3277 20191123 170004
1 3277 20191124 075905
1 3277 20191124 170004
1 3277 20191125 075848
1 3277 20191125 170035
1 3277 20191126 080248
1 3277 20191126 080249
1 3277 20191126 170014
1 3277 20191127 080713
1 3277 20191127 080715
1 3278 20191101 075612
1 3278 20191101 130034
1 3278 20191102 075746
1 3278 20191102 075747
1 3278 20191102 075749
1 3278 20191102 170045
1 3278 20191102 170046
1 3278 20191103 080110
1 3278 20191103 170018
1 3278 20191104 080119
1 3278 20191104 231551
1 3278 20191105 075903
1 3278 20191105 170031
1 3278 20191106 080427
1 3278 20191106 170022
1 3278 20191107 075943
1 3278 20191107 075944
1 3278 20191107 170027
1 3278 20191108 075725
1 3278 20191108 130140
1 3278 20191109 075926
1 3278 20191109 170035
1 3278 20191110 075838
1 3278 20191110 130006
1 3278 20191111 080054
1 3278 20191111 170011
1 3278 20191112 080026
1 3278 20191112 170023
1 3278 20191113 075857
1 3278 20191113 170015
1 3278 20191114 080004
1 3278 20191114 170120
1 3278 20191115 075012
1 3278 20191115 130026
1 3278 20191116 080054
1 3278 20191116 170019
1 3278 20191117 075900
1 3278 20191117 170031
1 3278 20191118 075825
1 3278 20191118 170059
1 3278 20191119 080512
1 3278 20191119 170032
1 3278 20191120 075642
1 3278 20191120 170027
1 3278 20191121 080149
1 3278 20191121 170031
1 3278 20191122 080429
1 3278 20191122 130841
1 3278 20191123 080612
1 3278 20191123 170016
1 3278 20191124 075942
1 3278 20191124 170011
1 3278 20191125 075854
1 3278 20191125 170026
1 3278 20191126 080048
1 3278 20191126 170025
1 3278 20191127 075650
1 3279 20191101 080149
1 3279 20191101 080150
1 3279 20191101 130017
1 3279 20191101 130019
1 3279 20191102 075736
1 3279 20191102 075737
1 3279 20191102 170031
1 3279 20191103 080102
1 3279 20191103 170009
1 3279 20191104 075925
1 3279 20191104 231029
1 3279 20191105 080717
1 3279 20191105 170014
1 3279 20191106 080153
1 3279 20191106 170013
1 3279 20191107 080036
1 3279 20191107 170017
1 3279 20191108 080633
1 3279 20191108 130037
1 3279 20191109 075936
1 3279 20191109 170027
1 3279 20191110 080311
1 3279 20191110 125938
1 3279 20191111 075830
1 3279 20191111 170019
1 3279 20191112 075949
1 3279 20191112 170014
1 3279 20191113 075413
1 3279 20191113 165930
1 3279 20191114 075621
1 3279 20191114 170126
1 3279 20191115 080214
1 3279 20191115 130032
1 3279 20191116 080017
1 3279 20191116 170026
1 3279 20191117 080512
1 3279 20191117 170042
1 3279 20191118 075703
1 3279 20191118 170106
1 3279 20191119 075923
1 3279 20191119 170025
1 3279 20191120 075732
1 3279 20191120 170021
1 3279 20191121 075721
1 3279 20191121 170045
1 3279 20191122 080855
1 3279 20191122 130847
1 3279 20191123 080004
1 3279 20191123 170025
1 3279 20191124 080129
1 3279 20191124 080130
1 3279 20191124 170017
1 3279 20191125 075913
1 3279 20191125 170018
1 3279 20191126 075833
1 3279 20191126 170031
1 3279 20191127 080314
